262144 262144 262144 262144 262144 262144 262144 239126 239075 238651 236528 225897 210841 190457 165125 134426 99512 62779 29029 6119 
262144 262144 262144 262144 262144 262144 262144 239126 239075 238651 236528 225897 210841 190457 165125 134426 99512 62779 29029 6119 
262144 262144 262144 262144 262144 262144 262144 239126 239075 238651 236528 225897 210841 190457 165125 134426 99512 62779 29029 6119 
262144 262144 262144 262144 262144 262144 262144 239126 239075 238651 236528 225897 210841 190457 165125 134426 99512 62779 29029 6119 
262144 262144 262144 262144 262144 262144 262144 239126 239075 238651 236528 225897 210841 190457 165125 134426 99512 62779 29029 6119 
262144 262144 262144 262144 262144 262144 262144 239126 239075 238651 236528 225897 210841 190457 165125 134426 99512 62779 29029 6119 
262144 262144 262144 262144 262144 262144 262144 239126 239075 238651 236528 225897 210841 190457 165125 134426 99512 62779 29029 6119 
262144 262144 262144 262144 262144 262144 262144 239126 239075 238651 236528 225897 210841 190457 165125 134426 99512 62779 29029 6119 
262144 262144 262144 262144 262144 262144 262144 239126 239075 238651 236528 225897 210841 190457 165125 134426 99512 62779 29029 6119 
262144 262144 262144 262144 262144 262144 262144 239126 239075 238651 236528 225897 210841 190457 165125 134426 99512 62779 29029 6119 
262144 262144 262144 262144 239135 239053 238084 231756 215289 198825 171389 139305 104126 66676 31790 7176 135 0 0 0 
262144 262144 262144 262144 239135 239053 238084 231756 215289 198825 171389 139305 104126 66676 31790 7176 135 0 0 0 
262144 262144 262144 262144 239135 239053 238084 231756 215289 198825 171389 139305 104126 66676 31790 7176 135 0 0 0 
262144 262144 262144 262144 239135 239053 238084 231756 215289 198825 171389 139305 104126 66676 31790 7176 135 0 0 0 
262144 262144 262144 262144 239135 239053 238084 231756 215289 198825 171389 139305 104126 66676 31790 7176 135 0 0 0 
262144 262144 262144 262144 239135 239053 238084 231756 215289 198825 171389 139305 104126 66676 31790 7176 135 0 0 0 
262144 262144 262144 262144 239135 239053 238084 231756 215289 198825 171389 139305 104126 66676 31790 7176 135 0 0 0 
262144 262144 262144 262144 239135 239053 238084 231756 215289 198825 171389 139305 104126 66676 31790 7176 135 0 0 0 
262144 262144 262144 262144 239135 239053 238084 231756 215289 198825 171389 139305 104126 66676 31790 7176 135 0 0 0 
262144 262144 262144 262144 239135 239053 238084 231756 215289 198825 171389 139305 104126 66676 31790 7176 135 0 0 0 
262144 262144 262144 239441 238691 233343 218769 201558 172196 136711 99405 61558 27804 4742 19 0 0 0 0 0 
262144 262144 262144 239441 238691 233343 218769 201558 172196 136711 99405 61558 27804 4742 19 0 0 0 0 0 
262144 262144 262144 239441 238691 233343 218769 201558 172196 136711 99405 61558 27804 4742 19 0 0 0 0 0 
262144 262144 262144 239441 238691 233343 218769 201558 172196 136711 99405 61558 27804 4742 19 0 0 0 0 0 
262144 262144 262144 239441 238691 233343 218769 201558 172196 136711 99405 61558 27804 4742 19 0 0 0 0 0 
262144 262144 262144 239441 238691 233343 218769 201558 172196 136711 99405 61558 27804 4742 19 0 0 0 0 0 
262144 262144 262144 239441 238691 233343 218769 201558 172196 136711 99405 61558 27804 4742 19 0 0 0 0 0 
262144 262144 262144 239441 238691 233343 218769 201558 172196 136711 99405 61558 27804 4742 19 0 0 0 0 0 
262144 262144 262144 239441 238691 233343 218769 201558 172196 136711 99405 61558 27804 4742 19 0 0 0 0 0 
262144 262144 262144 239441 238691 233343 218769 201558 172196 136711 99405 61558 27804 4742 19 0 0 0 0 0 
262144 262144 262144 238923 231475 217227 197053 162423 122966 82990 45249 14312 1046 0 0 0 0 0 0 0 
262144 262144 262144 238923 231475 217227 197053 162423 122966 82990 45249 14312 1046 0 0 0 0 0 0 0 
262144 262144 262144 238923 231475 217227 197053 162423 122966 82990 45249 14312 1046 0 0 0 0 0 0 0 
262144 262144 262144 238923 231475 217227 197053 162423 122966 82990 45249 14312 1046 0 0 0 0 0 0 0 
262144 262144 262144 238923 231475 217227 197053 162423 122966 82990 45249 14312 1046 0 0 0 0 0 0 0 
262144 262144 262144 238923 231475 217227 197053 162423 122966 82990 45249 14312 1046 0 0 0 0 0 0 0 
262144 262144 262144 238923 231475 217227 197053 162423 122966 82990 45249 14312 1046 0 0 0 0 0 0 0 
262144 262144 262144 238923 231475 217227 197053 162423 122966 82990 45249 14312 1046 0 0 0 0 0 0 0 
262144 262144 262144 238923 231475 217227 197053 162423 122966 82990 45249 14312 1046 0 0 0 0 0 0 0 
262144 262144 262144 238923 231475 217227 197053 162423 122966 82990 45249 14312 1046 0 0 0 0 0 0 0 
262144 262144 239482 234988 222781 200603 166948 123276 81393 42717 13115 915 0 0 0 0 0 0 0 0 
262144 262144 239482 234988 222781 200603 166948 123276 81393 42717 13115 915 0 0 0 0 0 0 0 0 
262144 262144 239482 234988 222781 200603 166948 123276 81393 42717 13115 915 0 0 0 0 0 0 0 0 
262144 262144 239482 234988 222781 200603 166948 123276 81393 42717 13115 915 0 0 0 0 0 0 0 0 
262144 262144 239482 234988 222781 200603 166948 123276 81393 42717 13115 915 0 0 0 0 0 0 0 0 
262144 262144 239482 234988 222781 200603 166948 123276 81393 42717 13115 915 0 0 0 0 0 0 0 0 
262144 262144 239482 234988 222781 200603 166948 123276 81393 42717 13115 915 0 0 0 0 0 0 0 0 
262144 262144 239482 234988 222781 200603 166948 123276 81393 42717 13115 915 0 0 0 0 0 0 0 0 
262144 262144 239482 234988 222781 200603 166948 123276 81393 42717 13115 915 0 0 0 0 0 0 0 0 
262144 262144 239482 234988 222781 200603 166948 123276 81393 42717 13115 915 0 0 0 0 0 0 0 0 
262144 262144 239380 228171 213554 181878 135543 89896 49800 16372 1440 0 0 0 0 0 0 0 0 0 
262144 262144 239380 228171 213554 181878 135543 89896 49800 16372 1440 0 0 0 0 0 0 0 0 0 
262144 262144 239380 228171 213554 181878 135543 89896 49800 16372 1440 0 0 0 0 0 0 0 0 0 
262144 262144 239380 228171 213554 181878 135543 89896 49800 16372 1440 0 0 0 0 0 0 0 0 0 
262144 262144 239380 228171 213554 181878 135543 89896 49800 16372 1440 0 0 0 0 0 0 0 0 0 
262144 262144 239380 228171 213554 181878 135543 89896 49800 16372 1440 0 0 0 0 0 0 0 0 0 
262144 262144 239380 228171 213554 181878 135543 89896 49800 16372 1440 0 0 0 0 0 0 0 0 0 
262144 262144 239380 228171 213554 181878 135543 89896 49800 16372 1440 0 0 0 0 0 0 0 0 0 
262144 262144 239380 228171 213554 181878 135543 89896 49800 16372 1440 0 0 0 0 0 0 0 0 0 
262144 262144 239380 228171 213554 181878 135543 89896 49800 16372 1440 0 0 0 0 0 0 0 0 0 
262144 262144 238390 222209 202611 159469 107682 62942 26541 4324 19 0 0 0 0 0 0 0 0 0 
262144 262144 238390 222209 202611 159469 107682 62942 26541 4324 19 0 0 0 0 0 0 0 0 0 
262144 262144 238390 222209 202611 159469 107682 62942 26541 4324 19 0 0 0 0 0 0 0 0 0 
262144 262144 238390 222209 202611 159469 107682 62942 26541 4324 19 0 0 0 0 0 0 0 0 0 
262144 262144 238390 222209 202611 159469 107682 62942 26541 4324 19 0 0 0 0 0 0 0 0 0 
262144 262144 238390 222209 202611 159469 107682 62942 26541 4324 19 0 0 0 0 0 0 0 0 0 
262144 262144 238390 222209 202611 159469 107682 62942 26541 4324 19 0 0 0 0 0 0 0 0 0 
262144 262144 238390 222209 202611 159469 107682 62942 26541 4324 19 0 0 0 0 0 0 0 0 0 
262144 262144 238390 222209 202611 159469 107682 62942 26541 4324 19 0 0 0 0 0 0 0 0 0 
262144 262144 238390 222209 202611 159469 107682 62942 26541 4324 19 0 0 0 0 0 0 0 0 0 
262144 262144 236286 215587 189325 135300 83173 40946 11875 607 0 0 0 0 0 0 0 0 0 0 
262144 262144 236286 215587 189325 135300 83173 40946 11875 607 0 0 0 0 0 0 0 0 0 0 
262144 262144 236286 215587 189325 135300 83173 40946 11875 607 0 0 0 0 0 0 0 0 0 0 
262144 262144 236286 215587 189325 135300 83173 40946 11875 607 0 0 0 0 0 0 0 0 0 0 
262144 262144 236286 215587 189325 135300 83173 40946 11875 607 0 0 0 0 0 0 0 0 0 0 
262144 262144 236286 215587 189325 135300 83173 40946 11875 607 0 0 0 0 0 0 0 0 0 0 
262144 262144 236286 215587 189325 135300 83173 40946 11875 607 0 0 0 0 0 0 0 0 0 0 
262144 262144 236286 215587 189325 135300 83173 40946 11875 607 0 0 0 0 0 0 0 0 0 0 
262144 262144 236286 215587 189325 135300 83173 40946 11875 607 0 0 0 0 0 0 0 0 0 0 
262144 262144 236286 215587 189325 135300 83173 40946 11875 607 0 0 0 0 0 0 0 0 0 0 
262144 262144 233681 208422 173286 112896 63343 25557 4021 7 0 0 0 0 0 0 0 0 0 0 
262144 262144 233681 208422 173286 112896 63343 25557 4021 7 0 0 0 0 0 0 0 0 0 0 
262144 262144 233681 208422 173286 112896 63343 25557 4021 7 0 0 0 0 0 0 0 0 0 0 
262144 262144 233681 208422 173286 112896 63343 25557 4021 7 0 0 0 0 0 0 0 0 0 0 
262144 262144 233681 208422 173286 112896 63343 25557 4021 7 0 0 0 0 0 0 0 0 0 0 
262144 262144 233681 208422 173286 112896 63343 25557 4021 7 0 0 0 0 0 0 0 0 0 0 
262144 262144 233681 208422 173286 112896 63343 25557 4021 7 0 0 0 0 0 0 0 0 0 0 
262144 262144 233681 208422 173286 112896 63343 25557 4021 7 0 0 0 0 0 0 0 0 0 0 
262144 262144 233681 208422 173286 112896 63343 25557 4021 7 0 0 0 0 0 0 0 0 0 0 
262144 262144 233681 208422 173286 112896 63343 25557 4021 7 0 0 0 0 0 0 0 0 0 0 
262144 262144 230770 200929 155643 93240 46766 13529 944 0 0 0 0 0 0 0 0 0 0 0 
262144 262144 230770 200929 155643 93240 46766 13529 944 0 0 0 0 0 0 0 0 0 0 0 
262144 262144 230770 200929 155643 93240 46766 13529 944 0 0 0 0 0 0 0 0 0 0 0 
262144 262144 230770 200929 155643 93240 46766 13529 944 0 0 0 0 0 0 0 0 0 0 0 
262144 262144 230770 200929 155643 93240 46766 13529 944 0 0 0 0 0 0 0 0 0 0 0 
262144 262144 230770 200929 155643 93240 46766 13529 944 0 0 0 0 0 0 0 0 0 0 0 
262144 262144 230770 200929 155643 93240 46766 13529 944 0 0 0 0 0 0 0 0 0 0 0 
262144 262144 230770 200929 155643 93240 46766 13529 944 0 0 0 0 0 0 0 0 0 0 0 
262144 262144 230770 200929 155643 93240 46766 13529 944 0 0 0 0 0 0 0 0 0 0 0 
262144 262144 230770 200929 155643 93240 46766 13529 944 0 0 0 0 0 0 0 0 0 0 0 
262144 262144 227900 193011 138068 76419 32348 6829 97 0 0 0 0 0 0 0 0 0 0 0 
262144 262144 227900 193011 138068 76419 32348 6829 97 0 0 0 0 0 0 0 0 0 0 0 
262144 262144 227900 193011 138068 76419 32348 6829 97 0 0 0 0 0 0 0 0 0 0 0 
262144 262144 227900 193011 138068 76419 32348 6829 97 0 0 0 0 0 0 0 0 0 0 0 
262144 262144 227900 193011 138068 76419 32348 6829 97 0 0 0 0 0 0 0 0 0 0 0 
262144 262144 227900 193011 138068 76419 32348 6829 97 0 0 0 0 0 0 0 0 0 0 0 
262144 262144 227900 193011 138068 76419 32348 6829 97 0 0 0 0 0 0 0 0 0 0 0 
262144 262144 227900 193011 138068 76419 32348 6829 97 0 0 0 0 0 0 0 0 0 0 0 
262144 262144 227900 193011 138068 76419 32348 6829 97 0 0 0 0 0 0 0 0 0 0 0 
262144 262144 227900 193011 138068 76419 32348 6829 97 0 0 0 0 0 0 0 0 0 0 0 
262144 262144 224971 184712 121403 62493 23054 3243 1 0 0 0 0 0 0 0 0 0 0 0 
262144 262144 224971 184712 121403 62493 23054 3243 1 0 0 0 0 0 0 0 0 0 0 0 
262144 262144 224971 184712 121403 62493 23054 3243 1 0 0 0 0 0 0 0 0 0 0 0 
262144 262144 224971 184712 121403 62493 23054 3243 1 0 0 0 0 0 0 0 0 0 0 0 
262144 262144 224971 184712 121403 62493 23054 3243 1 0 0 0 0 0 0 0 0 0 0 0 
262144 262144 224971 184712 121403 62493 23054 3243 1 0 0 0 0 0 0 0 0 0 0 0 
262144 262144 224971 184712 121403 62493 23054 3243 1 0 0 0 0 0 0 0 0 0 0 0 
262144 262144 224971 184712 121403 62493 23054 3243 1 0 0 0 0 0 0 0 0 0 0 0 
262144 262144 224971 184712 121403 62493 23054 3243 1 0 0 0 0 0 0 0 0 0 0 0 
262144 262144 224971 184712 121403 62493 23054 3243 1 0 0 0 0 0 0 0 0 0 0 0 
262144 262144 221945 175976 106367 50507 14118 969 0 0 0 0 0 0 0 0 0 0 0 0 
262144 262144 221945 175976 106367 50507 14118 969 0 0 0 0 0 0 0 0 0 0 0 0 
262144 262144 221945 175976 106367 50507 14118 969 0 0 0 0 0 0 0 0 0 0 0 0 
262144 262144 221945 175976 106367 50507 14118 969 0 0 0 0 0 0 0 0 0 0 0 0 
262144 262144 221945 175976 106367 50507 14118 969 0 0 0 0 0 0 0 0 0 0 0 0 
262144 262144 221945 175976 106367 50507 14118 969 0 0 0 0 0 0 0 0 0 0 0 0 
262144 262144 221945 175976 106367 50507 14118 969 0 0 0 0 0 0 0 0 0 0 0 0 
262144 262144 221945 175976 106367 50507 14118 969 0 0 0 0 0 0 0 0 0 0 0 0 
262144 262144 221945 175976 106367 50507 14118 969 0 0 0 0 0 0 0 0 0 0 0 0 
262144 262144 221945 175976 106367 50507 14118 969 0 0 0 0 0 0 0 0 0 0 0 0 
262144 262144 218650 166762 92754 38422 9819 187 0 0 0 0 0 0 0 0 0 0 0 0 
262144 262144 218650 166762 92754 38422 9819 187 0 0 0 0 0 0 0 0 0 0 0 0 
262144 262144 218650 166762 92754 38422 9819 187 0 0 0 0 0 0 0 0 0 0 0 0 
262144 262144 218650 166762 92754 38422 9819 187 0 0 0 0 0 0 0 0 0 0 0 0 
262144 262144 218650 166762 92754 38422 9819 187 0 0 0 0 0 0 0 0 0 0 0 0 
262144 262144 218650 166762 92754 38422 9819 187 0 0 0 0 0 0 0 0 0 0 0 0 
262144 262144 218650 166762 92754 38422 9819 187 0 0 0 0 0 0 0 0 0 0 0 0 
262144 262144 218650 166762 92754 38422 9819 187 0 0 0 0 0 0 0 0 0 0 0 0 
262144 262144 218650 166762 92754 38422 9819 187 0 0 0 0 0 0 0 0 0 0 0 0 
262144 262144 218650 166762 92754 38422 9819 187 0 0 0 0 0 0 0 0 0 0 0 0 
262144 262144 215444 157065 80395 30523 4966 19 0 0 0 0 0 0 0 0 0 0 0 0 
262144 262144 215444 157065 80395 30523 4966 19 0 0 0 0 0 0 0 0 0 0 0 0 
262144 262144 215444 157065 80395 30523 4966 19 0 0 0 0 0 0 0 0 0 0 0 0 
262144 262144 215444 157065 80395 30523 4966 19 0 0 0 0 0 0 0 0 0 0 0 0 
262144 262144 215444 157065 80395 30523 4966 19 0 0 0 0 0 0 0 0 0 0 0 0 
262144 262144 215444 157065 80395 30523 4966 19 0 0 0 0 0 0 0 0 0 0 0 0 
262144 262144 215444 157065 80395 30523 4966 19 0 0 0 0 0 0 0 0 0 0 0 0 
262144 262144 215444 157065 80395 30523 4966 19 0 0 0 0 0 0 0 0 0 0 0 0 
262144 262144 215444 157065 80395 30523 4966 19 0 0 0 0 0 0 0 0 0 0 0 0 
262144 262144 215444 157065 80395 30523 4966 19 0 0 0 0 0 0 0 0 0 0 0 0 
262144 239482 211904 146955 69404 24155 3257 1 0 0 0 0 0 0 0 0 0 0 0 0 
262144 239482 211904 146955 69404 24155 3257 1 0 0 0 0 0 0 0 0 0 0 0 0 
262144 239482 211904 146955 69404 24155 3257 1 0 0 0 0 0 0 0 0 0 0 0 0 
262144 239482 211904 146955 69404 24155 3257 1 0 0 0 0 0 0 0 0 0 0 0 0 
262144 239482 211904 146955 69404 24155 3257 1 0 0 0 0 0 0 0 0 0 0 0 0 
262144 239482 211904 146955 69404 24155 3257 1 0 0 0 0 0 0 0 0 0 0 0 0 
262144 239482 211904 146955 69404 24155 3257 1 0 0 0 0 0 0 0 0 0 0 0 0 
262144 239482 211904 146955 69404 24155 3257 1 0 0 0 0 0 0 0 0 0 0 0 0 
262144 239482 211904 146955 69404 24155 3257 1 0 0 0 0 0 0 0 0 0 0 0 0 
262144 239482 211904 146955 69404 24155 3257 1 0 0 0 0 0 0 0 0 0 0 0 0 
262144 239125 208120 136681 60105 17069 1185 0 0 0 0 0 0 0 0 0 0 0 0 0 
262144 239125 208120 136681 60105 17069 1185 0 0 0 0 0 0 0 0 0 0 0 0 0 
262144 239125 208120 136681 60105 17069 1185 0 0 0 0 0 0 0 0 0 0 0 0 0 
262144 239125 208120 136681 60105 17069 1185 0 0 0 0 0 0 0 0 0 0 0 0 0 
262144 239125 208120 136681 60105 17069 1185 0 0 0 0 0 0 0 0 0 0 0 0 0 
262144 239125 208120 136681 60105 17069 1185 0 0 0 0 0 0 0 0 0 0 0 0 0 
262144 239125 208120 136681 60105 17069 1185 0 0 0 0 0 0 0 0 0 0 0 0 0 
262144 239125 208120 136681 60105 17069 1185 0 0 0 0 0 0 0 0 0 0 0 0 0 
262144 239125 208120 136681 60105 17069 1185 0 0 0 0 0 0 0 0 0 0 0 0 0 
262144 239125 208120 136681 60105 17069 1185 0 0 0 0 0 0 0 0 0 0 0 0 0 
262144 237744 204196 126184 51754 12820 716 0 0 0 0 0 0 0 0 0 0 0 0 0 
262144 237744 204196 126184 51754 12820 716 0 0 0 0 0 0 0 0 0 0 0 0 0 
262144 237744 204196 126184 51754 12820 716 0 0 0 0 0 0 0 0 0 0 0 0 0 
262144 237744 204196 126184 51754 12820 716 0 0 0 0 0 0 0 0 0 0 0 0 0 
262144 237744 204196 126184 51754 12820 716 0 0 0 0 0 0 0 0 0 0 0 0 0 
262144 237744 204196 126184 51754 12820 716 0 0 0 0 0 0 0 0 0 0 0 0 0 
262144 237744 204196 126184 51754 12820 716 0 0 0 0 0 0 0 0 0 0 0 0 0 
262144 237744 204196 126184 51754 12820 716 0 0 0 0 0 0 0 0 0 0 0 0 0 
262144 237744 204196 126184 51754 12820 716 0 0 0 0 0 0 0 0 0 0 0 0 0 
262144 237744 204196 126184 51754 12820 716 0 0 0 0 0 0 0 0 0 0 0 0 0 
262144 236234 200093 115538 42959 10191 183 0 0 0 0 0 0 0 0 0 0 0 0 0 
262144 236234 200093 115538 42959 10191 183 0 0 0 0 0 0 0 0 0 0 0 0 0 
262144 236234 200093 115538 42959 10191 183 0 0 0 0 0 0 0 0 0 0 0 0 0 
262144 236234 200093 115538 42959 10191 183 0 0 0 0 0 0 0 0 0 0 0 0 0 
262144 236234 200093 115538 42959 10191 183 0 0 0 0 0 0 0 0 0 0 0 0 0 
262144 236234 200093 115538 42959 10191 183 0 0 0 0 0 0 0 0 0 0 0 0 0 
262144 236234 200093 115538 42959 10191 183 0 0 0 0 0 0 0 0 0 0 0 0 0 
262144 236234 200093 115538 42959 10191 183 0 0 0 0 0 0 0 0 0 0 0 0 0 
262144 236234 200093 115538 42959 10191 183 0 0 0 0 0 0 0 0 0 0 0 0 0 
262144 236234 200093 115538 42959 10191 183 0 0 0 0 0 0 0 0 0 0 0 0 0 
262144 234192 195720 104858 35897 6564 42 0 0 0 0 0 0 0 0 0 0 0 0 0 
262144 234192 195720 104858 35897 6564 42 0 0 0 0 0 0 0 0 0 0 0 0 0 
262144 234192 195720 104858 35897 6564 42 0 0 0 0 0 0 0 0 0 0 0 0 0 
262144 234192 195720 104858 35897 6564 42 0 0 0 0 0 0 0 0 0 0 0 0 0 
262144 234192 195720 104858 35897 6564 42 0 0 0 0 0 0 0 0 0 0 0 0 0 
262144 234192 195720 104858 35897 6564 42 0 0 0 0 0 0 0 0 0 0 0 0 0 
262144 234192 195720 104858 35897 6564 42 0 0 0 0 0 0 0 0 0 0 0 0 0 
262144 234192 195720 104858 35897 6564 42 0 0 0 0 0 0 0 0 0 0 0 0 0 
262144 234192 195720 104858 35897 6564 42 0 0 0 0 0 0 0 0 0 0 0 0 0 
262144 234192 195720 104858 35897 6564 42 0 0 0 0 0 0 0 0 0 0 0 0 0 
