95488 95463 100171 101822 109967 99039 100541 89291 89353 96123 95637 100275 94917 87867 82065 76052 60722 43405 23126 5224 
106017 101264 96704 100581 101478 101694 94109 101761 96749 101795 102631 98401 96495 93423 85524 76566 61301 42761 22635 5310 
73346 66901 68929 77919 67916 68123 67821 67083 65474 67430 69708 62181 66719 59654 55842 47135 40461 29209 17198 4793 
97836 95962 97544 95786 93213 99993 100192 94466 94464 95979 93329 92664 92898 90382 84329 77372 63140 44588 23007 5297 
89843 89301 93331 92422 97344 88785 90182 94243 96564 95292 93613 91014 88419 83313 78259 70673 58627 41689 22517 5227 
84274 90050 89686 90914 86554 86139 87032 88697 92925 92777 88501 86825 85204 82831 78674 70310 57577 41969 21979 5277 
95563 94777 98329 95424 97397 94985 93013 97696 99793 105443 95714 96957 94858 93887 86491 77085 62293 43568 22519 5306 
93079 93419 88483 95024 90837 95045 92573 89429 89465 88965 89719 86293 82385 77498 72757 64513 54278 39323 21735 5304 
85154 85706 88891 89103 89480 89241 84447 86504 92268 91802 87876 86670 86113 83552 77795 69433 57964 41408 22552 5299 
104990 98468 100193 97171 99992 97210 99051 98057 96178 96695 97086 94823 92880 87041 79758 69864 58676 41887 22487 5346 
100102 95081 100161 97531 102177 101800 100804 95480 95746 91037 86991 77883 64544 45294 24522 6082 123 0 0 0 
83106 86089 84447 87451 92138 89136 93778 85735 86811 84808 79364 71745 60069 43704 24169 6070 109 0 0 0 
97507 91538 97000 92328 97855 96843 98837 95040 95877 99217 89428 78932 64090 45772 24439 6126 122 0 0 0 
82024 76701 78746 83911 70229 66915 72219 70073 68105 66563 62330 56576 48245 37619 21629 5676 118 0 0 0 
93054 92050 89349 86363 93218 93628 92739 88812 87949 86077 79502 71647 59071 44570 23982 6027 116 0 0 0 
97613 99669 97173 94342 96222 99262 96468 100370 93974 92440 87536 78899 65381 46368 24754 6169 123 0 0 0 
90794 84919 88693 91598 87732 87328 91713 88553 90953 87220 79034 72060 60406 43311 24085 6163 119 0 0 0 
65543 76173 77366 79413 74130 74219 70100 75604 62350 65775 56247 47828 39520 30905 18365 5514 124 0 0 0 
101804 96295 103511 101576 98001 95470 100473 96616 96589 97468 87363 77316 62966 45147 24405 6062 114 0 0 0 
106485 103086 101000 97465 100018 100192 97652 95963 93905 95551 88144 77911 63354 45219 23963 6148 122 0 0 0 
91883 91132 97460 85379 85343 84759 77881 79724 72052 67684 55066 40251 20956 4165 17 0 0 0 0 0 
65992 84355 69774 66516 74146 71969 66479 63973 57140 50235 40628 29602 16528 3832 18 0 0 0 0 0 
96632 96537 93700 95517 95045 94495 92460 89600 87289 78423 62760 43622 22232 4238 18 0 0 0 0 0 
94041 86299 85794 92093 88701 87860 90096 82771 78344 72683 57755 40481 21452 4154 18 0 0 0 0 0 
113813 99700 131043 95021 91064 92756 94301 91214 83912 75367 61972 43939 21912 4157 18 0 0 0 0 0 
96472 91813 88014 88938 86859 91645 86777 86060 81386 70622 58823 41702 21549 4070 17 0 0 0 0 0 
79362 68640 74729 68054 75854 63855 61816 60276 56979 52480 40487 29432 16462 3876 18 0 0 0 0 0 
82036 71544 72278 67423 61767 73799 64549 64998 52741 45225 35539 27255 16198 3749 17 0 0 0 0 0 
91865 84444 85539 88263 85210 91498 83799 85104 78762 71841 58690 40223 20979 4095 19 0 0 0 0 0 
89466 93232 84441 90831 90316 86759 85250 83239 76906 78792 57159 40858 21175 4164 18 0 0 0 0 0 
91579 92469 91385 91199 91934 89393 85584 78096 66622 51394 31904 11999 949 0 0 0 0 0 0 0 
92698 95684 92803 90449 89382 94429 90168 84319 71005 53944 32741 12060 956 0 0 0 0 0 0 0 
73322 77181 73094 65853 71701 64210 60229 57511 51345 41355 27453 10327 899 0 0 0 0 0 0 0 
100921 97257 95364 96239 93063 95313 90504 83651 69663 53961 33096 12017 942 0 0 0 0 0 0 0 
75442 73605 77660 87143 76557 75812 74426 69496 60350 48574 30736 11703 946 0 0 0 0 0 0 0 
83435 83479 79429 74455 68066 67804 60157 52401 44417 35544 23865 10184 884 0 0 0 0 0 0 0 
92816 93711 91963 85166 85645 86296 84212 79963 65927 52670 32334 11711 955 0 0 0 0 0 0 0 
65536 81416 68201 64413 72037 62907 58687 51637 43781 33572 22378 9968 941 0 0 0 0 0 0 0 
81721 88629 80293 86326 81278 81746 80316 74519 64851 50647 31974 11547 948 0 0 0 0 0 0 0 
78279 70059 76051 70467 68821 64150 63297 58272 51399 41956 28108 11164 925 0 0 0 0 0 0 0 
98035 99183 93833 92376 90667 91413 85378 70905 52461 31094 11046 826 0 0 0 0 0 0 0 0 
69897 76876 65747 62813 60267 60514 50676 43640 35316 22742 9270 811 0 0 0 0 0 0 0 0 
84857 84502 92976 88028 87449 84702 79585 68820 51450 31460 10925 844 0 0 0 0 0 0 0 0 
103563 95197 90901 92894 92143 89686 84416 72225 53846 32412 11267 850 0 0 0 0 0 0 0 0 
120397 88955 92879 92393 90318 84199 78506 68576 51763 30822 11044 829 0 0 0 0 0 0 0 0 
87247 89738 88020 89016 86316 81453 76371 64351 48547 30134 10845 801 0 0 0 0 0 0 0 0 
81253 71946 70028 71068 68504 67006 58519 50475 41347 26709 10344 798 0 0 0 0 0 0 0 0 
75179 79330 68022 70237 65295 60849 56705 51759 41137 26753 9995 748 0 0 0 0 0 0 0 0 
69014 69434 65173 68337 66289 65792 58692 51298 41387 27826 10463 810 0 0 0 0 0 0 0 0 
66205 72308 70827 73339 64990 66099 56555 43005 31576 21695 9284 786 0 0 0 0 0 0 0 0 
89386 90299 85953 85105 83107 79335 68475 52450 33455 13267 1290 0 0 0 0 0 0 0 0 0 
97150 98188 92472 91925 91254 88179 75033 58010 36089 13431 1297 0 0 0 0 0 0 0 0 0 
89483 88038 86376 85244 84012 79380 68417 52498 33305 13123 1311 0 0 0 0 0 0 0 0 0 
105447 99083 93510 92199 95407 87542 75758 57002 36504 13595 1223 0 0 0 0 0 0 0 0 0 
93591 95070 96525 92674 92190 87256 73369 57435 35562 13067 1291 0 0 0 0 0 0 0 0 0 
84265 88243 89753 92530 86473 83894 71641 55887 35125 13387 1281 0 0 0 0 0 0 0 0 0 
94613 88719 88199 87704 86011 79465 67017 52886 33332 13139 1259 0 0 0 0 0 0 0 0 0 
89555 88743 87896 88884 87735 81657 71721 55206 34794 13248 1281 0 0 0 0 0 0 0 0 0 
129542 99727 97625 97858 93632 86809 75560 58061 35707 13395 1300 0 0 0 0 0 0 0 0 0 
139304 71515 98087 96464 92372 85525 72947 55400 35036 13433 1298 0 0 0 0 0 0 0 0 0 
94524 82913 86942 90399 85664 76875 61888 41697 20891 3757 16 0 0 0 0 0 0 0 0 0 
97572 98741 93764 92361 90345 82600 64667 43264 20923 3862 17 0 0 0 0 0 0 0 0 0 
93558 90771 83186 86189 83251 72515 59519 40160 20771 3825 17 0 0 0 0 0 0 0 0 0 
96357 99625 91691 92718 90370 81999 65659 43386 20820 3867 18 0 0 0 0 0 0 0 0 0 
91242 97746 84927 88877 84807 75345 58943 40499 20167 3713 18 0 0 0 0 0 0 0 0 0 
95106 93935 88724 85530 85273 75130 58852 40824 20273 3776 17 0 0 0 0 0 0 0 0 0 
84174 91582 83878 84349 81590 75426 62700 41919 20413 3774 17 0 0 0 0 0 0 0 0 0 
85919 86343 83330 81834 82251 72906 58820 41151 20521 3761 18 0 0 0 0 0 0 0 0 0 
79018 82310 79934 79002 74506 67991 55696 39783 20041 3758 17 0 0 0 0 0 0 0 0 0 
85121 91197 91909 87567 90928 78270 62433 42743 20908 3798 18 0 0 0 0 0 0 0 0 0 
99413 93690 95501 91175 88194 74325 54881 31275 10127 548 0 0 0 0 0 0 0 0 0 0 
87779 90171 87313 86414 84863 73167 53870 30297 10180 537 0 0 0 0 0 0 0 0 0 0 
70027 80660 67257 64116 63360 54912 41166 25533 9033 520 0 0 0 0 0 0 0 0 0 0 
136468 95299 95002 94030 86042 73979 54576 30895 9897 542 0 0 0 0 0 0 0 0 0 0 
109054 100157 103290 92816 90553 74133 54300 30730 10059 526 0 0 0 0 0 0 0 0 0 0 
72457 81835 67118 66005 62283 53778 41560 25106 8620 540 0 0 0 0 0 0 0 0 0 0 
100749 99941 91072 88507 83785 73665 53628 30371 9965 536 0 0 0 0 0 0 0 0 0 0 
103076 91584 100425 95433 87821 73771 53517 30796 10212 548 0 0 0 0 0 0 0 0 0 0 
69893 71394 70012 64971 60325 54020 43043 26136 9308 514 0 0 0 0 0 0 0 0 0 0 
105802 95281 100232 86324 86939 73235 53680 30457 10143 565 0 0 0 0 0 0 0 0 0 0 
94406 93711 92856 90041 84254 66661 44468 19928 3590 7 0 0 0 0 0 0 0 0 0 0 
91243 88620 87720 85561 80902 65583 43178 20370 3565 7 0 0 0 0 0 0 0 0 0 0 
87830 91719 80363 77731 72314 58896 41053 19635 3535 7 0 0 0 0 0 0 0 0 0 0 
91636 89888 83487 80750 92445 58578 40328 19297 3579 6 0 0 0 0 0 0 0 0 0 0 
91196 90932 89852 84691 79233 64724 43129 20080 3537 7 0 0 0 0 0 0 0 0 0 0 
110889 102344 103190 96048 84898 64845 44215 19746 3622 7 0 0 0 0 0 0 0 0 0 0 
71470 71812 67849 68798 61597 50018 35923 18282 3411 7 0 0 0 0 0 0 0 0 0 0 
94916 102193 97053 92222 109097 66697 43368 20128 3622 7 0 0 0 0 0 0 0 0 0 0 
100586 98941 89999 87727 81704 65536 44137 20202 3579 6 0 0 0 0 0 0 0 0 0 0 
88390 86299 87283 87207 81814 66628 43581 20211 3574 6 0 0 0 0 0 0 0 0 0 0 
99979 98381 90822 85054 78250 57535 33803 11185 830 0 0 0 0 0 0 0 0 0 0 0 
92340 87716 86323 84669 76852 57342 33998 11426 834 0 0 0 0 0 0 0 0 0 0 0 
88195 88785 90468 84368 75586 56565 33377 11386 847 0 0 0 0 0 0 0 0 0 0 0 
101243 102981 93846 89372 79278 58024 33881 11449 859 0 0 0 0 0 0 0 0 0 0 0 
89705 89125 87538 82331 72854 54461 32543 11084 835 0 0 0 0 0 0 0 0 0 0 0 
99568 99632 96704 88782 80837 59016 34526 11526 845 0 0 0 0 0 0 0 0 0 0 0 
86148 78012 84112 65352 50966 35716 23324 9500 823 0 0 0 0 0 0 0 0 0 0 0 
94651 96533 87688 81627 73903 55288 33030 10917 846 0 0 0 0 0 0 0 0 0 0 0 
100377 92012 95633 90453 81410 58491 34170 11466 851 0 0 0 0 0 0 0 0 0 0 0 
97769 104521 92375 85747 76700 56704 32884 10996 859 0 0 0 0 0 0 0 0 0 0 0 
84337 80119 67050 62249 50869 35113 19280 5404 84 0 0 0 0 0 0 0 0 0 0 0 
88304 87914 86731 81607 69135 48546 24383 5678 85 0 0 0 0 0 0 0 0 0 0 0 
86553 83847 65720 59584 51565 35115 19258 5149 86 0 0 0 0 0 0 0 0 0 0 0 
101326 98729 95678 89283 75020 51027 24882 5854 87 0 0 0 0 0 0 0 0 0 0 0 
94322 163557 97977 90202 75031 50623 25441 5874 89 0 0 0 0 0 0 0 0 0 0 0 
65536 73015 66249 62223 51123 35531 19374 5249 94 0 0 0 0 0 0 0 0 0 0 0 
113331 90989 64310 62702 49828 35001 19733 5226 86 0 0 0 0 0 0 0 0 0 0 0 
69157 85565 67316 59600 50558 35088 19555 5240 85 0 0 0 0 0 0 0 0 0 0 0 
93303 93799 97087 89093 75688 51681 24893 5870 86 0 0 0 0 0 0 0 0 0 0 0 
86772 86290 88351 86547 72701 49797 25243 5972 90 0 0 0 0 0 0 0 0 0 0 0 
92605 84515 88028 85527 68399 42907 18635 2868 1 0 0 0 0 0 0 0 0 0 0 0 
94322 96711 92408 84518 69066 43487 18673 2870 1 0 0 0 0 0 0 0 0 0 0 0 
100298 98832 95761 87102 69016 43852 18308 2884 1 0 0 0 0 0 0 0 0 0 0 0 
97119 88238 87392 84336 67880 43293 18310 2868 1 0 0 0 0 0 0 0 0 0 0 0 
98776 97296 91634 81774 66362 42196 18032 2803 1 0 0 0 0 0 0 0 0 0 0 0 
65541 76827 69140 62463 53751 35832 16318 2761 1 0 0 0 0 0 0 0 0 0 0 0 
97710 101578 98742 87297 69690 43831 18388 2905 1 0 0 0 0 0 0 0 0 0 0 0 
100369 97228 92925 84970 67632 43722 18375 2823 1 0 0 0 0 0 0 0 0 0 0 0 
84745 79610 79772 73916 61760 40283 18055 2798 1 0 0 0 0 0 0 0 0 0 0 0 
69160 83524 63014 58511 47430 30626 14749 2698 1 0 0 0 0 0 0 0 0 0 0 0 
87356 93919 86786 80437 60786 35592 11480 873 0 0 0 0 0 0 0 0 0 0 0 0 
101543 95865 88112 81555 61359 36437 11889 861 0 0 0 0 0 0 0 0 0 0 0 0 
89086 87625 88716 81220 62762 36193 11742 889 0 0 0 0 0 0 0 0 0 0 0 0 
91274 95909 88829 80005 61414 35283 11591 874 0 0 0 0 0 0 0 0 0 0 0 0 
79676 80015 85092 74749 58613 35104 11601 863 0 0 0 0 0 0 0 0 0 0 0 0 
92100 92576 86997 77174 58120 34484 11422 866 0 0 0 0 0 0 0 0 0 0 0 0 
65539 66263 64526 56176 42532 26208 10081 856 0 0 0 0 0 0 0 0 0 0 0 0 
100085 98760 89924 82049 62206 36070 11638 860 0 0 0 0 0 0 0 0 0 0 0 0 
79527 85806 64657 58055 43399 26132 10095 861 0 0 0 0 0 0 0 0 0 0 0 0 
87587 90169 87747 82918 62838 36623 12021 862 0 0 0 0 0 0 0 0 0 0 0 0 
90575 90444 81150 73204 53513 28115 8068 159 0 0 0 0 0 0 0 0 0 0 0 0 
69968 76507 66141 59459 46129 25788 7606 171 0 0 0 0 0 0 0 0 0 0 0 0 
73342 85303 64540 58496 44195 24415 7361 162 0 0 0 0 0 0 0 0 0 0 0 0 
97499 97540 89720 78569 56968 29010 8341 171 0 0 0 0 0 0 0 0 0 0 0 0 
96438 97682 92752 83651 58549 28904 8259 166 0 0 0 0 0 0 0 0 0 0 0 0 
100736 92863 121168 80704 57726 29202 8340 166 0 0 0 0 0 0 0 0 0 0 0 0 
99715 96051 91265 80488 57297 28880 8390 169 0 0 0 0 0 0 0 0 0 0 0 0 
96009 94772 89941 78454 55714 29159 8160 171 0 0 0 0 0 0 0 0 0 0 0 0 
96448 100923 91515 79796 57202 28848 8368 178 0 0 0 0 0 0 0 0 0 0 0 0 
91626 94176 83935 75562 55160 28426 8163 172 0 0 0 0 0 0 0 0 0 0 0 0 
92814 91799 92964 81215 52933 24216 4353 19 0 0 0 0 0 0 0 0 0 0 0 0 
96837 93002 87329 74927 50946 23304 4268 17 0 0 0 0 0 0 0 0 0 0 0 0 
98503 91691 91890 78045 64667 24195 4424 17 0 0 0 0 0 0 0 0 0 0 0 0 
96531 101568 91175 79729 52632 23865 4338 18 0 0 0 0 0 0 0 0 0 0 0 0 
103180 103630 87895 76630 51837 23850 4331 17 0 0 0 0 0 0 0 0 0 0 0 0 
69986 79806 66129 57528 40140 20658 4083 16 0 0 0 0 0 0 0 0 0 0 0 0 
98094 94603 89557 79023 52195 24119 4333 18 0 0 0 0 0 0 0 0 0 0 0 0 
95399 100872 95260 80799 52461 23938 4372 18 0 0 0 0 0 0 0 0 0 0 0 0 
94266 90693 78458 69472 47882 22642 4264 18 0 0 0 0 0 0 0 0 0 0 0 0 
85991 82961 84428 72370 48330 23167 4340 18 0 0 0 0 0 0 0 0 0 0 0 0 
84281 79303 74294 66144 43287 18552 2853 1 0 0 0 0 0 0 0 0 0 0 0 0 
95566 97265 91265 77040 47185 19503 2879 1 0 0 0 0 0 0 0 0 0 0 0 0 
88073 86425 86636 75208 46189 19258 2871 1 0 0 0 0 0 0 0 0 0 0 0 0 
93214 79588 78663 67636 44540 18036 2867 1 0 0 0 0 0 0 0 0 0 0 0 0 
104889 91263 88393 75077 46591 19085 2840 1 0 0 0 0 0 0 0 0 0 0 0 0 
83802 82524 80628 69507 43877 18519 2836 1 0 0 0 0 0 0 0 0 0 0 0 0 
93412 88781 84233 72496 45463 19128 2813 1 0 0 0 0 0 0 0 0 0 0 0 0 
94395 85668 86491 75002 46054 19149 2870 1 0 0 0 0 0 0 0 0 0 0 0 0 
90293 87770 87578 75620 47101 19106 2909 1 0 0 0 0 0 0 0 0 0 0 0 0 
87351 81127 78135 67190 43230 18316 2872 1 0 0 0 0 0 0 0 0 0 0 0 0 
69228 71478 62740 50848 29595 11786 1028 0 0 0 0 0 0 0 0 0 0 0 0 0 
95838 94304 88189 72604 42339 14134 1072 0 0 0 0 0 0 0 0 0 0 0 0 0 
99816 91358 85592 71806 42387 14044 1077 0 0 0 0 0 0 0 0 0 0 0 0 0 
72070 67420 67138 49715 30261 11798 1035 0 0 0 0 0 0 0 0 0 0 0 0 0 
98413 92163 88461 71766 41987 14151 1068 0 0 0 0 0 0 0 0 0 0 0 0 0 
87445 89515 85463 71981 41809 13844 1077 0 0 0 0 0 0 0 0 0 0 0 0 0 
96218 95665 90252 73322 41977 14078 1061 0 0 0 0 0 0 0 0 0 0 0 0 0 
80028 61856 64235 48288 29417 11846 1055 0 0 0 0 0 0 0 0 0 0 0 0 0 
103124 103118 90520 73584 41883 14089 1070 0 0 0 0 0 0 0 0 0 0 0 0 0 
96879 91515 88502 71425 41439 14182 1058 0 0 0 0 0 0 0 0 0 0 0 0 0 
76802 68409 69264 48845 27249 9465 631 0 0 0 0 0 0 0 0 0 0 0 0 0 
95581 91114 87714 68541 37194 10783 638 0 0 0 0 0 0 0 0 0 0 0 0 0 
70769 72830 63540 48997 26771 9303 632 0 0 0 0 0 0 0 0 0 0 0 0 0 
94456 99930 89451 70872 37047 10956 636 0 0 0 0 0 0 0 0 0 0 0 0 0 
93506 86902 83649 69190 36409 11006 652 0 0 0 0 0 0 0 0 0 0 0 0 0 
100561 89883 86742 69552 36824 10705 632 0 0 0 0 0 0 0 0 0 0 0 0 0 
68908 67332 61366 48771 26955 9315 622 0 0 0 0 0 0 0 0 0 0 0 0 0 
72913 67847 61078 53225 31714 9739 634 0 0 0 0 0 0 0 0 0 0 0 0 0 
90708 87104 84507 67588 37313 11018 662 0 0 0 0 0 0 0 0 0 0 0 0 0 
92405 90607 83512 67316 36711 10767 651 0 0 0 0 0 0 0 0 0 0 0 0 0 
84911 77880 76051 58668 30771 8486 166 0 0 0 0 0 0 0 0 0 0 0 0 0 
100580 92124 86163 64487 32089 8412 159 0 0 0 0 0 0 0 0 0 0 0 0 0 
65543 70124 62458 45848 23339 7666 163 0 0 0 0 0 0 0 0 0 0 0 0 0 
95232 90498 81692 63475 30276 8517 168 0 0 0 0 0 0 0 0 0 0 0 0 0 
95088 94347 87073 65441 32165 8561 166 0 0 0 0 0 0 0 0 0 0 0 0 0 
86539 87505 83277 64785 32178 8746 168 0 0 0 0 0 0 0 0 0 0 0 0 0 
85405 85542 78396 61376 30930 8430 157 0 0 0 0 0 0 0 0 0 0 0 0 0 
68059 65429 62096 46342 23762 7569 163 0 0 0 0 0 0 0 0 0 0 0 0 0 
102180 92927 87503 64115 31903 8544 165 0 0 0 0 0 0 0 0 0 0 0 0 0 
79863 71872 67505 49911 27117 7754 155 0 0 0 0 0 0 0 0 0 0 0 0 0 
96662 92395 88378 61614 27577 5757 39 0 0 0 0 0 0 0 0 0 0 0 0 0 
86648 78481 76633 54222 26144 5341 39 0 0 0 0 0 0 0 0 0 0 0 0 0 
100782 94545 87547 61874 28082 5726 39 0 0 0 0 0 0 0 0 0 0 0 0 0 
92675 87607 84017 61114 27119 5660 38 0 0 0 0 0 0 0 0 0 0 0 0 0 
102010 98026 89597 63714 27803 5708 39 0 0 0 0 0 0 0 0 0 0 0 0 0 
100583 95969 88187 61924 27862 5666 38 0 0 0 0 0 0 0 0 0 0 0 0 0 
99627 92323 85504 60253 27185 5666 37 0 0 0 0 0 0 0 0 0 0 0 0 0 
96536 91037 84429 62229 27623 5650 39 0 0 0 0 0 0 0 0 0 0 0 0 0 
91935 98078 89509 62694 28010 5685 41 0 0 0 0 0 0 0 0 0 0 0 0 0 
99670 95280 89559 62302 26803 5693 38 0 0 0 0 0 0 0 0 0 0 0 0 0 
