260880 242141 239982 238573 238243 238206 238246 238234 238273 238241 238271 238241 238271 238231 238250 238185 238225 238194 238220 238174 238206 238164 238207 238148 238198 238077 238100 238056 238056 237971 237982 237804 237658 237122 236535 234758 231500 223935 211948 202292 189486 171066 148992 121645 89669 56008 24863 4447 150 122 118 106 101 101 100 96 95 95 95 95 95 95 95 95 95 
260880 242141 239982 238573 238243 238206 238246 238234 238273 238241 238271 238241 238271 238231 238250 238185 238225 238194 238220 238174 238206 238164 238207 238148 238198 238077 238100 238056 238056 237971 237982 237804 237658 237122 236535 234758 231500 223935 211948 202292 189486 171066 148992 121645 89669 56008 24863 4447 150 122 118 106 101 101 100 96 95 95 95 95 95 95 95 95 95 95 95 95 95 90 90 90 0 0 0 0 0 0 
260880 242141 239982 238573 238243 238206 238246 238234 238273 238241 238271 238241 238271 238231 238250 238185 238225 238194 238220 238174 238206 238164 238207 238148 238198 238077 238100 238056 238056 237971 237982 237804 237658 237122 236535 234758 231500 223935 211948 202292 189486 171066 148992 121645 89669 56008 24863 4447 150 122 118 106 101 101 100 96 95 95 95 95 95 95 95 95 95 95 95 95 95 90 90 90 0 0 0 0 0 0 0 0 0 0 0 0 0 0 0 0 0 0 
260880 242141 239982 238573 238243 238206 238246 238234 238273 238241 238271 238241 238271 238231 238250 238185 238225 238194 238220 238174 238206 238164 238207 238148 238198 238077 238100 238056 238056 237971 237982 237804 237658 237122 236535 234758 231500 223935 211948 202292 189486 171066 148992 121645 89669 56008 24863 4447 150 122 118 106 101 101 100 96 95 95 95 95 95 95 95 95 95 95 95 95 95 90 90 90 0 0 0 0 0 0 0 0 0 0 0 0 0 0 0 0 0 0 0 0 0 0 0 0 0 0 0 0 0 0 
260880 242141 239982 238573 238243 238206 238246 238234 238273 238241 238271 238241 238271 238231 238250 238185 238225 238194 238220 238174 238206 238164 238207 238148 238198 238077 238100 238056 238056 237971 237982 237804 237658 237122 236535 234758 231500 223935 211948 202292 189486 171066 148992 121645 89669 56008 24863 4447 150 122 118 106 101 101 100 96 95 95 95 95 95 95 95 95 95 95 95 95 95 90 90 90 0 0 0 0 0 0 0 0 0 0 0 0 0 0 0 0 0 0 0 0 0 0 0 0 0 0 0 0 0 0 0 0 0 0 0 0 0 0 0 0 0 0 0 
260880 242141 239982 238573 238243 238206 238246 238234 238273 238241 238271 238241 238271 238231 238250 238185 238225 238194 238220 238174 238206 238164 238207 238148 238198 238077 238100 238056 238056 237971 237982 237804 237658 237122 236535 234758 231500 223935 211948 202292 189486 171066 148992 121645 89669 56008 24863 4447 150 122 118 106 101 101 100 96 95 95 95 95 95 95 95 95 95 95 95 95 95 90 90 90 0 0 0 0 0 0 0 0 0 0 0 0 0 0 0 0 0 0 0 0 0 0 0 0 0 0 0 0 0 0 0 0 0 0 0 0 0 0 0 0 0 0 0 0 0 0 0 0 0 0 0 0 0 0 0 
260880 242141 239982 238573 238243 238206 238246 238234 238273 238241 238271 238241 238271 238231 238250 238185 238225 238194 238220 238174 238206 238164 238207 238148 238198 238077 238100 238056 238056 237971 237982 237804 237658 237122 236535 234758 231500 223935 211948 202292 189486 171066 148992 121645 89669 56008 24863 4447 150 122 118 106 101 101 100 96 95 95 95 95 95 95 95 95 95 95 95 95 95 90 90 90 0 0 0 0 0 0 0 0 0 0 0 0 0 0 0 0 0 0 0 0 0 0 0 0 0 0 0 0 0 0 0 0 0 0 0 0 0 0 0 0 0 0 0 0 0 0 0 0 0 0 0 0 0 0 0 0 0 0 0 0 0 0 0 0 0 0 0 0 
260880 242141 239982 238573 238243 238206 238246 238234 238273 238241 238271 238241 238271 238231 238250 238185 238225 238194 238220 238174 238206 238164 238207 238148 238198 238077 238100 238056 238056 237971 237982 237804 237658 237122 236535 234758 231500 223935 211948 202292 189486 171066 148992 121645 89669 56008 24863 4447 150 122 118 106 101 101 100 96 95 95 95 95 95 95 95 95 95 95 95 95 95 90 90 90 0 0 0 0 0 0 0 0 0 0 0 0 0 0 0 0 0 0 0 0 0 0 0 0 0 0 0 0 0 0 0 0 0 0 0 0 0 0 0 0 0 0 0 0 0 0 0 0 0 0 0 0 0 0 0 0 0 0 0 0 0 0 0 0 0 0 0 0 0 0 0 0 0 0 0 0 0 0 0 0 
260880 242141 239982 238573 238243 238206 238246 238234 238273 238241 238271 238241 238271 238231 238250 238185 238225 238194 238220 238174 238206 238164 238207 238148 238198 238077 238100 238056 238056 237971 237982 237804 237658 237122 236535 234758 231500 223935 211948 202292 189486 171066 148992 121645 89669 56008 24863 4447 150 122 118 106 101 101 100 96 95 95 95 95 95 95 95 95 95 95 95 95 95 90 90 90 0 0 0 0 0 0 0 0 0 0 0 0 0 0 0 0 0 0 0 0 0 0 0 0 0 0 0 0 0 0 0 0 0 0 0 0 0 0 0 0 0 0 0 0 0 0 0 0 0 0 0 0 0 0 0 0 0 0 0 0 0 0 0 0 0 0 0 0 0 0 0 0 0 0 0 0 0 0 0 0 0 0 0 0 0 0 0 0 0 0 0 0 0 
260880 242141 239982 238573 238243 238206 238246 238234 238273 238241 238271 238241 238271 238231 238250 238185 238225 238194 238220 238174 238206 238164 238207 238148 238198 238077 238100 238056 238056 237971 237982 237804 237658 237122 236535 234758 231500 223935 211948 202292 189486 171066 148992 121645 89669 56008 24863 4447 150 122 118 106 101 101 100 96 95 95 95 95 95 95 95 95 95 95 95 95 95 90 90 90 0 0 0 0 0 0 0 0 0 0 0 0 0 0 0 0 0 0 0 0 0 0 0 0 0 0 0 0 0 0 0 0 0 0 0 0 0 0 0 0 0 0 0 0 0 0 0 0 0 0 0 0 0 0 0 0 0 0 0 0 0 0 0 0 0 0 0 0 0 0 0 0 0 0 0 0 0 0 0 0 0 0 0 0 0 0 0 0 0 0 0 0 0 0 0 0 0 0 0 0 0 0 0 0 0 0 0 
260851 241519 239634 238221 238211 238125 238213 238203 238260 238203 238257 238216 238261 238195 238230 238157 238212 238155 238186 238118 238173 238112 238168 238057 238072 237972 237976 237826 237735 237295 236821 235557 233214 227593 216891 205576 195483 178182 158181 132569 102409 68766 34980 10612 505 134 129 115 109 102 101 98 96 95 95 95 95 95 95 95 95 95 95 95 93 
260851 241519 239634 238221 238211 238125 238213 238203 238260 238203 238257 238216 238261 238195 238230 238157 238212 238155 238186 238118 238173 238112 238168 238057 238072 237972 237976 237826 237735 237295 236821 235557 233214 227593 216891 205576 195483 178182 158181 132569 102409 68766 34980 10612 505 134 129 115 109 102 101 98 96 95 95 95 95 95 95 95 95 95 95 95 93 90 90 90 0 0 0 0 0 0 0 0 0 0 
260851 241519 239634 238221 238211 238125 238213 238203 238260 238203 238257 238216 238261 238195 238230 238157 238212 238155 238186 238118 238173 238112 238168 238057 238072 237972 237976 237826 237735 237295 236821 235557 233214 227593 216891 205576 195483 178182 158181 132569 102409 68766 34980 10612 505 134 129 115 109 102 101 98 96 95 95 95 95 95 95 95 95 95 95 95 93 90 90 90 0 0 0 0 0 0 0 0 0 0 0 0 0 0 0 0 0 0 0 0 0 0 
260851 241519 239634 238221 238211 238125 238213 238203 238260 238203 238257 238216 238261 238195 238230 238157 238212 238155 238186 238118 238173 238112 238168 238057 238072 237972 237976 237826 237735 237295 236821 235557 233214 227593 216891 205576 195483 178182 158181 132569 102409 68766 34980 10612 505 134 129 115 109 102 101 98 96 95 95 95 95 95 95 95 95 95 95 95 93 90 90 90 0 0 0 0 0 0 0 0 0 0 0 0 0 0 0 0 0 0 0 0 0 0 0 0 0 0 0 0 0 0 0 0 0 0 
260851 241519 239634 238221 238211 238125 238213 238203 238260 238203 238257 238216 238261 238195 238230 238157 238212 238155 238186 238118 238173 238112 238168 238057 238072 237972 237976 237826 237735 237295 236821 235557 233214 227593 216891 205576 195483 178182 158181 132569 102409 68766 34980 10612 505 134 129 115 109 102 101 98 96 95 95 95 95 95 95 95 95 95 95 95 93 90 90 90 0 0 0 0 0 0 0 0 0 0 0 0 0 0 0 0 0 0 0 0 0 0 0 0 0 0 0 0 0 0 0 0 0 0 0 0 0 0 0 0 0 0 0 0 0 0 0 
260851 241519 239634 238221 238211 238125 238213 238203 238260 238203 238257 238216 238261 238195 238230 238157 238212 238155 238186 238118 238173 238112 238168 238057 238072 237972 237976 237826 237735 237295 236821 235557 233214 227593 216891 205576 195483 178182 158181 132569 102409 68766 34980 10612 505 134 129 115 109 102 101 98 96 95 95 95 95 95 95 95 95 95 95 95 93 90 90 90 0 0 0 0 0 0 0 0 0 0 0 0 0 0 0 0 0 0 0 0 0 0 0 0 0 0 0 0 0 0 0 0 0 0 0 0 0 0 0 0 0 0 0 0 0 0 0 0 0 0 0 0 0 0 0 0 0 0 0 
260851 241519 239634 238221 238211 238125 238213 238203 238260 238203 238257 238216 238261 238195 238230 238157 238212 238155 238186 238118 238173 238112 238168 238057 238072 237972 237976 237826 237735 237295 236821 235557 233214 227593 216891 205576 195483 178182 158181 132569 102409 68766 34980 10612 505 134 129 115 109 102 101 98 96 95 95 95 95 95 95 95 95 95 95 95 93 90 90 90 0 0 0 0 0 0 0 0 0 0 0 0 0 0 0 0 0 0 0 0 0 0 0 0 0 0 0 0 0 0 0 0 0 0 0 0 0 0 0 0 0 0 0 0 0 0 0 0 0 0 0 0 0 0 0 0 0 0 0 0 0 0 0 0 0 0 0 0 0 0 0 0 
260851 241519 239634 238221 238211 238125 238213 238203 238260 238203 238257 238216 238261 238195 238230 238157 238212 238155 238186 238118 238173 238112 238168 238057 238072 237972 237976 237826 237735 237295 236821 235557 233214 227593 216891 205576 195483 178182 158181 132569 102409 68766 34980 10612 505 134 129 115 109 102 101 98 96 95 95 95 95 95 95 95 95 95 95 95 93 90 90 90 0 0 0 0 0 0 0 0 0 0 0 0 0 0 0 0 0 0 0 0 0 0 0 0 0 0 0 0 0 0 0 0 0 0 0 0 0 0 0 0 0 0 0 0 0 0 0 0 0 0 0 0 0 0 0 0 0 0 0 0 0 0 0 0 0 0 0 0 0 0 0 0 0 0 0 0 0 0 0 0 0 0 0 0 
260851 241519 239634 238221 238211 238125 238213 238203 238260 238203 238257 238216 238261 238195 238230 238157 238212 238155 238186 238118 238173 238112 238168 238057 238072 237972 237976 237826 237735 237295 236821 235557 233214 227593 216891 205576 195483 178182 158181 132569 102409 68766 34980 10612 505 134 129 115 109 102 101 98 96 95 95 95 95 95 95 95 95 95 95 95 93 90 90 90 0 0 0 0 0 0 0 0 0 0 0 0 0 0 0 0 0 0 0 0 0 0 0 0 0 0 0 0 0 0 0 0 0 0 0 0 0 0 0 0 0 0 0 0 0 0 0 0 0 0 0 0 0 0 0 0 0 0 0 0 0 0 0 0 0 0 0 0 0 0 0 0 0 0 0 0 0 0 0 0 0 0 0 0 0 0 0 0 0 0 0 0 0 0 0 0 0 
260851 241519 239634 238221 238211 238125 238213 238203 238260 238203 238257 238216 238261 238195 238230 238157 238212 238155 238186 238118 238173 238112 238168 238057 238072 237972 237976 237826 237735 237295 236821 235557 233214 227593 216891 205576 195483 178182 158181 132569 102409 68766 34980 10612 505 134 129 115 109 102 101 98 96 95 95 95 95 95 95 95 95 95 95 95 93 90 90 90 0 0 0 0 0 0 0 0 0 0 0 0 0 0 0 0 0 0 0 0 0 0 0 0 0 0 0 0 0 0 0 0 0 0 0 0 0 0 0 0 0 0 0 0 0 0 0 0 0 0 0 0 0 0 0 0 0 0 0 0 0 0 0 0 0 0 0 0 0 0 0 0 0 0 0 0 0 0 0 0 0 0 0 0 0 0 0 0 0 0 0 0 0 0 0 0 0 0 0 0 0 0 0 0 0 0 0 0 0 0 0 
260845 240717 239453 238178 238184 238068 238185 238182 238244 238182 238241 238189 238243 238176 238185 238126 238196 238127 238152 238068 238141 238057 238121 237874 237989 237760 237714 237158 236728 235285 232885 226701 215440 204811 193913 176017 155449 129251 98403 64717 31735 8295 320 135 130 117 110 102 101 98 96 95 95 95 95 95 95 95 95 95 95 95 90 90 90 
260845 240717 239453 238178 238184 238068 238185 238182 238244 238182 238241 238189 238243 238176 238185 238126 238196 238127 238152 238068 238141 238057 238121 237874 237989 237760 237714 237158 236728 235285 232885 226701 215440 204811 193913 176017 155449 129251 98403 64717 31735 8295 320 135 130 117 110 102 101 98 96 95 95 95 95 95 95 95 95 95 95 95 90 90 90 30 0 0 0 0 0 0 0 0 0 0 0 0 
260845 240717 239453 238178 238184 238068 238185 238182 238244 238182 238241 238189 238243 238176 238185 238126 238196 238127 238152 238068 238141 238057 238121 237874 237989 237760 237714 237158 236728 235285 232885 226701 215440 204811 193913 176017 155449 129251 98403 64717 31735 8295 320 135 130 117 110 102 101 98 96 95 95 95 95 95 95 95 95 95 95 95 90 90 90 30 0 0 0 0 0 0 0 0 0 0 0 0 0 0 0 0 0 0 0 0 0 0 0 0 
260845 240717 239453 238178 238184 238068 238185 238182 238244 238182 238241 238189 238243 238176 238185 238126 238196 238127 238152 238068 238141 238057 238121 237874 237989 237760 237714 237158 236728 235285 232885 226701 215440 204811 193913 176017 155449 129251 98403 64717 31735 8295 320 135 130 117 110 102 101 98 96 95 95 95 95 95 95 95 95 95 95 95 90 90 90 30 0 0 0 0 0 0 0 0 0 0 0 0 0 0 0 0 0 0 0 0 0 0 0 0 0 0 0 0 0 0 0 0 0 0 0 0 
260845 240717 239453 238178 238184 238068 238185 238182 238244 238182 238241 238189 238243 238176 238185 238126 238196 238127 238152 238068 238141 238057 238121 237874 237989 237760 237714 237158 236728 235285 232885 226701 215440 204811 193913 176017 155449 129251 98403 64717 31735 8295 320 135 130 117 110 102 101 98 96 95 95 95 95 95 95 95 95 95 95 95 90 90 90 30 0 0 0 0 0 0 0 0 0 0 0 0 0 0 0 0 0 0 0 0 0 0 0 0 0 0 0 0 0 0 0 0 0 0 0 0 0 0 0 0 0 0 0 0 0 0 0 0 0 
260845 240717 239453 238178 238184 238068 238185 238182 238244 238182 238241 238189 238243 238176 238185 238126 238196 238127 238152 238068 238141 238057 238121 237874 237989 237760 237714 237158 236728 235285 232885 226701 215440 204811 193913 176017 155449 129251 98403 64717 31735 8295 320 135 130 117 110 102 101 98 96 95 95 95 95 95 95 95 95 95 95 95 90 90 90 30 0 0 0 0 0 0 0 0 0 0 0 0 0 0 0 0 0 0 0 0 0 0 0 0 0 0 0 0 0 0 0 0 0 0 0 0 0 0 0 0 0 0 0 0 0 0 0 0 0 0 0 0 0 0 0 0 0 0 0 0 0 
260845 240717 239453 238178 238184 238068 238185 238182 238244 238182 238241 238189 238243 238176 238185 238126 238196 238127 238152 238068 238141 238057 238121 237874 237989 237760 237714 237158 236728 235285 232885 226701 215440 204811 193913 176017 155449 129251 98403 64717 31735 8295 320 135 130 117 110 102 101 98 96 95 95 95 95 95 95 95 95 95 95 95 90 90 90 30 0 0 0 0 0 0 0 0 0 0 0 0 0 0 0 0 0 0 0 0 0 0 0 0 0 0 0 0 0 0 0 0 0 0 0 0 0 0 0 0 0 0 0 0 0 0 0 0 0 0 0 0 0 0 0 0 0 0 0 0 0 0 0 0 0 0 0 0 0 0 0 0 0 0 
260845 240717 239453 238178 238184 238068 238185 238182 238244 238182 238241 238189 238243 238176 238185 238126 238196 238127 238152 238068 238141 238057 238121 237874 237989 237760 237714 237158 236728 235285 232885 226701 215440 204811 193913 176017 155449 129251 98403 64717 31735 8295 320 135 130 117 110 102 101 98 96 95 95 95 95 95 95 95 95 95 95 95 90 90 90 30 0 0 0 0 0 0 0 0 0 0 0 0 0 0 0 0 0 0 0 0 0 0 0 0 0 0 0 0 0 0 0 0 0 0 0 0 0 0 0 0 0 0 0 0 0 0 0 0 0 0 0 0 0 0 0 0 0 0 0 0 0 0 0 0 0 0 0 0 0 0 0 0 0 0 0 0 0 0 0 0 0 0 0 0 0 0 
260845 240717 239453 238178 238184 238068 238185 238182 238244 238182 238241 238189 238243 238176 238185 238126 238196 238127 238152 238068 238141 238057 238121 237874 237989 237760 237714 237158 236728 235285 232885 226701 215440 204811 193913 176017 155449 129251 98403 64717 31735 8295 320 135 130 117 110 102 101 98 96 95 95 95 95 95 95 95 95 95 95 95 90 90 90 30 0 0 0 0 0 0 0 0 0 0 0 0 0 0 0 0 0 0 0 0 0 0 0 0 0 0 0 0 0 0 0 0 0 0 0 0 0 0 0 0 0 0 0 0 0 0 0 0 0 0 0 0 0 0 0 0 0 0 0 0 0 0 0 0 0 0 0 0 0 0 0 0 0 0 0 0 0 0 0 0 0 0 0 0 0 0 0 0 0 0 0 0 0 0 0 0 0 0 0 
260845 240717 239453 238178 238184 238068 238185 238182 238244 238182 238241 238189 238243 238176 238185 238126 238196 238127 238152 238068 238141 238057 238121 237874 237989 237760 237714 237158 236728 235285 232885 226701 215440 204811 193913 176017 155449 129251 98403 64717 31735 8295 320 135 130 117 110 102 101 98 96 95 95 95 95 95 95 95 95 95 95 95 90 90 90 30 0 0 0 0 0 0 0 0 0 0 0 0 0 0 0 0 0 0 0 0 0 0 0 0 0 0 0 0 0 0 0 0 0 0 0 0 0 0 0 0 0 0 0 0 0 0 0 0 0 0 0 0 0 0 0 0 0 0 0 0 0 0 0 0 0 0 0 0 0 0 0 0 0 0 0 0 0 0 0 0 0 0 0 0 0 0 0 0 0 0 0 0 0 0 0 0 0 0 0 0 0 0 0 0 0 0 0 0 0 0 0 0 0 0 0 
260841 239366 238428 238144 238145 237985 238149 238161 238228 238155 238231 238160 238227 238149 238166 238097 238181 238094 238120 238028 238106 237990 237958 237763 237821 237365 237060 236000 234769 230242 221665 209267 200214 185276 166432 142784 114395 81459 47648 17573 2303 146 132 126 125 105 101 100 99 95 95 95 95 95 95 95 95 95 95 95 93 90 90 30 0 
260841 239366 238428 238144 238145 237985 238149 238161 238228 238155 238231 238160 238227 238149 238166 238097 238181 238094 238120 238028 238106 237990 237958 237763 237821 237365 237060 236000 234769 230242 221665 209267 200214 185276 166432 142784 114395 81459 47648 17573 2303 146 132 126 125 105 101 100 99 95 95 95 95 95 95 95 95 95 95 95 93 90 90 30 0 0 0 0 0 0 0 0 0 0 0 0 0 0 
260841 239366 238428 238144 238145 237985 238149 238161 238228 238155 238231 238160 238227 238149 238166 238097 238181 238094 238120 238028 238106 237990 237958 237763 237821 237365 237060 236000 234769 230242 221665 209267 200214 185276 166432 142784 114395 81459 47648 17573 2303 146 132 126 125 105 101 100 99 95 95 95 95 95 95 95 95 95 95 95 93 90 90 30 0 0 0 0 0 0 0 0 0 0 0 0 0 0 0 0 0 0 0 0 0 0 0 0 0 0 
260841 239366 238428 238144 238145 237985 238149 238161 238228 238155 238231 238160 238227 238149 238166 238097 238181 238094 238120 238028 238106 237990 237958 237763 237821 237365 237060 236000 234769 230242 221665 209267 200214 185276 166432 142784 114395 81459 47648 17573 2303 146 132 126 125 105 101 100 99 95 95 95 95 95 95 95 95 95 95 95 93 90 90 30 0 0 0 0 0 0 0 0 0 0 0 0 0 0 0 0 0 0 0 0 0 0 0 0 0 0 0 0 0 0 0 0 0 0 0 0 0 0 
260841 239366 238428 238144 238145 237985 238149 238161 238228 238155 238231 238160 238227 238149 238166 238097 238181 238094 238120 238028 238106 237990 237958 237763 237821 237365 237060 236000 234769 230242 221665 209267 200214 185276 166432 142784 114395 81459 47648 17573 2303 146 132 126 125 105 101 100 99 95 95 95 95 95 95 95 95 95 95 95 93 90 90 30 0 0 0 0 0 0 0 0 0 0 0 0 0 0 0 0 0 0 0 0 0 0 0 0 0 0 0 0 0 0 0 0 0 0 0 0 0 0 0 0 0 0 0 0 0 0 0 0 0 0 0 
260841 239366 238428 238144 238145 237985 238149 238161 238228 238155 238231 238160 238227 238149 238166 238097 238181 238094 238120 238028 238106 237990 237958 237763 237821 237365 237060 236000 234769 230242 221665 209267 200214 185276 166432 142784 114395 81459 47648 17573 2303 146 132 126 125 105 101 100 99 95 95 95 95 95 95 95 95 95 95 95 93 90 90 30 0 0 0 0 0 0 0 0 0 0 0 0 0 0 0 0 0 0 0 0 0 0 0 0 0 0 0 0 0 0 0 0 0 0 0 0 0 0 0 0 0 0 0 0 0 0 0 0 0 0 0 0 0 0 0 0 0 0 0 0 0 0 0 
260841 239366 238428 238144 238145 237985 238149 238161 238228 238155 238231 238160 238227 238149 238166 238097 238181 238094 238120 238028 238106 237990 237958 237763 237821 237365 237060 236000 234769 230242 221665 209267 200214 185276 166432 142784 114395 81459 47648 17573 2303 146 132 126 125 105 101 100 99 95 95 95 95 95 95 95 95 95 95 95 93 90 90 30 0 0 0 0 0 0 0 0 0 0 0 0 0 0 0 0 0 0 0 0 0 0 0 0 0 0 0 0 0 0 0 0 0 0 0 0 0 0 0 0 0 0 0 0 0 0 0 0 0 0 0 0 0 0 0 0 0 0 0 0 0 0 0 0 0 0 0 0 0 0 0 0 0 0 0 0 
260841 239366 238428 238144 238145 237985 238149 238161 238228 238155 238231 238160 238227 238149 238166 238097 238181 238094 238120 238028 238106 237990 237958 237763 237821 237365 237060 236000 234769 230242 221665 209267 200214 185276 166432 142784 114395 81459 47648 17573 2303 146 132 126 125 105 101 100 99 95 95 95 95 95 95 95 95 95 95 95 93 90 90 30 0 0 0 0 0 0 0 0 0 0 0 0 0 0 0 0 0 0 0 0 0 0 0 0 0 0 0 0 0 0 0 0 0 0 0 0 0 0 0 0 0 0 0 0 0 0 0 0 0 0 0 0 0 0 0 0 0 0 0 0 0 0 0 0 0 0 0 0 0 0 0 0 0 0 0 0 0 0 0 0 0 0 0 0 0 0 0 0 
260841 239366 238428 238144 238145 237985 238149 238161 238228 238155 238231 238160 238227 238149 238166 238097 238181 238094 238120 238028 238106 237990 237958 237763 237821 237365 237060 236000 234769 230242 221665 209267 200214 185276 166432 142784 114395 81459 47648 17573 2303 146 132 126 125 105 101 100 99 95 95 95 95 95 95 95 95 95 95 95 93 90 90 30 0 0 0 0 0 0 0 0 0 0 0 0 0 0 0 0 0 0 0 0 0 0 0 0 0 0 0 0 0 0 0 0 0 0 0 0 0 0 0 0 0 0 0 0 0 0 0 0 0 0 0 0 0 0 0 0 0 0 0 0 0 0 0 0 0 0 0 0 0 0 0 0 0 0 0 0 0 0 0 0 0 0 0 0 0 0 0 0 0 0 0 0 0 0 0 0 0 0 0 0 0 
260841 239366 238428 238144 238145 237985 238149 238161 238228 238155 238231 238160 238227 238149 238166 238097 238181 238094 238120 238028 238106 237990 237958 237763 237821 237365 237060 236000 234769 230242 221665 209267 200214 185276 166432 142784 114395 81459 47648 17573 2303 146 132 126 125 105 101 100 99 95 95 95 95 95 95 95 95 95 95 95 93 90 90 30 0 0 0 0 0 0 0 0 0 0 0 0 0 0 0 0 0 0 0 0 0 0 0 0 0 0 0 0 0 0 0 0 0 0 0 0 0 0 0 0 0 0 0 0 0 0 0 0 0 0 0 0 0 0 0 0 0 0 0 0 0 0 0 0 0 0 0 0 0 0 0 0 0 0 0 0 0 0 0 0 0 0 0 0 0 0 0 0 0 0 0 0 0 0 0 0 0 0 0 0 0 0 0 0 0 0 0 0 0 0 0 0 0 0 0 
260839 239202 238290 238116 238105 237930 238103 238133 238214 238138 238218 238135 238209 238090 238158 238075 238166 238049 238101 237984 238073 237903 237863 237552 237477 236667 236161 233521 229447 219737 207738 198300 182473 162899 138424 109266 75924 41651 14055 1204 146 134 129 117 108 102 101 97 95 95 95 95 95 95 95 95 95 95 95 90 90 90 0 0 0 
260839 239202 238290 238116 238105 237930 238103 238133 238214 238138 238218 238135 238209 238090 238158 238075 238166 238049 238101 237984 238073 237903 237863 237552 237477 236667 236161 233521 229447 219737 207738 198300 182473 162899 138424 109266 75924 41651 14055 1204 146 134 129 117 108 102 101 97 95 95 95 95 95 95 95 95 95 95 95 90 90 90 0 0 0 0 0 0 0 0 0 0 0 0 0 0 0 0 
260839 239202 238290 238116 238105 237930 238103 238133 238214 238138 238218 238135 238209 238090 238158 238075 238166 238049 238101 237984 238073 237903 237863 237552 237477 236667 236161 233521 229447 219737 207738 198300 182473 162899 138424 109266 75924 41651 14055 1204 146 134 129 117 108 102 101 97 95 95 95 95 95 95 95 95 95 95 95 90 90 90 0 0 0 0 0 0 0 0 0 0 0 0 0 0 0 0 0 0 0 0 0 0 0 0 0 0 0 0 
260839 239202 238290 238116 238105 237930 238103 238133 238214 238138 238218 238135 238209 238090 238158 238075 238166 238049 238101 237984 238073 237903 237863 237552 237477 236667 236161 233521 229447 219737 207738 198300 182473 162899 138424 109266 75924 41651 14055 1204 146 134 129 117 108 102 101 97 95 95 95 95 95 95 95 95 95 95 95 90 90 90 0 0 0 0 0 0 0 0 0 0 0 0 0 0 0 0 0 0 0 0 0 0 0 0 0 0 0 0 0 0 0 0 0 0 0 0 0 0 0 0 
260839 239202 238290 238116 238105 237930 238103 238133 238214 238138 238218 238135 238209 238090 238158 238075 238166 238049 238101 237984 238073 237903 237863 237552 237477 236667 236161 233521 229447 219737 207738 198300 182473 162899 138424 109266 75924 41651 14055 1204 146 134 129 117 108 102 101 97 95 95 95 95 95 95 95 95 95 95 95 90 90 90 0 0 0 0 0 0 0 0 0 0 0 0 0 0 0 0 0 0 0 0 0 0 0 0 0 0 0 0 0 0 0 0 0 0 0 0 0 0 0 0 0 0 0 0 0 0 0 0 0 0 0 0 0 
260839 239202 238290 238116 238105 237930 238103 238133 238214 238138 238218 238135 238209 238090 238158 238075 238166 238049 238101 237984 238073 237903 237863 237552 237477 236667 236161 233521 229447 219737 207738 198300 182473 162899 138424 109266 75924 41651 14055 1204 146 134 129 117 108 102 101 97 95 95 95 95 95 95 95 95 95 95 95 90 90 90 0 0 0 0 0 0 0 0 0 0 0 0 0 0 0 0 0 0 0 0 0 0 0 0 0 0 0 0 0 0 0 0 0 0 0 0 0 0 0 0 0 0 0 0 0 0 0 0 0 0 0 0 0 0 0 0 0 0 0 0 0 0 0 0 0 
260839 239202 238290 238116 238105 237930 238103 238133 238214 238138 238218 238135 238209 238090 238158 238075 238166 238049 238101 237984 238073 237903 237863 237552 237477 236667 236161 233521 229447 219737 207738 198300 182473 162899 138424 109266 75924 41651 14055 1204 146 134 129 117 108 102 101 97 95 95 95 95 95 95 95 95 95 95 95 90 90 90 0 0 0 0 0 0 0 0 0 0 0 0 0 0 0 0 0 0 0 0 0 0 0 0 0 0 0 0 0 0 0 0 0 0 0 0 0 0 0 0 0 0 0 0 0 0 0 0 0 0 0 0 0 0 0 0 0 0 0 0 0 0 0 0 0 0 0 0 0 0 0 0 0 0 0 0 0 0 
260839 239202 238290 238116 238105 237930 238103 238133 238214 238138 238218 238135 238209 238090 238158 238075 238166 238049 238101 237984 238073 237903 237863 237552 237477 236667 236161 233521 229447 219737 207738 198300 182473 162899 138424 109266 75924 41651 14055 1204 146 134 129 117 108 102 101 97 95 95 95 95 95 95 95 95 95 95 95 90 90 90 0 0 0 0 0 0 0 0 0 0 0 0 0 0 0 0 0 0 0 0 0 0 0 0 0 0 0 0 0 0 0 0 0 0 0 0 0 0 0 0 0 0 0 0 0 0 0 0 0 0 0 0 0 0 0 0 0 0 0 0 0 0 0 0 0 0 0 0 0 0 0 0 0 0 0 0 0 0 0 0 0 0 0 0 0 0 0 0 0 0 
260839 239202 238290 238116 238105 237930 238103 238133 238214 238138 238218 238135 238209 238090 238158 238075 238166 238049 238101 237984 238073 237903 237863 237552 237477 236667 236161 233521 229447 219737 207738 198300 182473 162899 138424 109266 75924 41651 14055 1204 146 134 129 117 108 102 101 97 95 95 95 95 95 95 95 95 95 95 95 90 90 90 0 0 0 0 0 0 0 0 0 0 0 0 0 0 0 0 0 0 0 0 0 0 0 0 0 0 0 0 0 0 0 0 0 0 0 0 0 0 0 0 0 0 0 0 0 0 0 0 0 0 0 0 0 0 0 0 0 0 0 0 0 0 0 0 0 0 0 0 0 0 0 0 0 0 0 0 0 0 0 0 0 0 0 0 0 0 0 0 0 0 0 0 0 0 0 0 0 0 0 0 0 0 0 
260839 239202 238290 238116 238105 237930 238103 238133 238214 238138 238218 238135 238209 238090 238158 238075 238166 238049 238101 237984 238073 237903 237863 237552 237477 236667 236161 233521 229447 219737 207738 198300 182473 162899 138424 109266 75924 41651 14055 1204 146 134 129 117 108 102 101 97 95 95 95 95 95 95 95 95 95 95 95 90 90 90 0 0 0 0 0 0 0 0 0 0 0 0 0 0 0 0 0 0 0 0 0 0 0 0 0 0 0 0 0 0 0 0 0 0 0 0 0 0 0 0 0 0 0 0 0 0 0 0 0 0 0 0 0 0 0 0 0 0 0 0 0 0 0 0 0 0 0 0 0 0 0 0 0 0 0 0 0 0 0 0 0 0 0 0 0 0 0 0 0 0 0 0 0 0 0 0 0 0 0 0 0 0 0 0 0 0 0 0 0 0 0 0 0 0 0 0 0 
260835 239011 238265 238084 238064 237879 238077 238112 238207 238124 238199 238104 238203 238064 238140 238055 238145 238003 238077 237924 238018 237804 237737 237229 237005 235764 234567 229580 220381 208150 199082 183256 164033 139594 110819 77509 43411 14901 1333 154 132 131 127 106 101 100 100 96 95 95 95 95 95 95 95 95 95 93 90 90 90 0 0 0 0 
260835 239011 238265 238084 238064 237879 238077 238112 238207 238124 238199 238104 238203 238064 238140 238055 238145 238003 238077 237924 238018 237804 237737 237229 237005 235764 234567 229580 220381 208150 199082 183256 164033 139594 110819 77509 43411 14901 1333 154 132 131 127 106 101 100 100 96 95 95 95 95 95 95 95 95 95 93 90 90 90 0 0 0 0 0 0 0 0 0 0 0 0 0 0 0 0 0 
260835 239011 238265 238084 238064 237879 238077 238112 238207 238124 238199 238104 238203 238064 238140 238055 238145 238003 238077 237924 238018 237804 237737 237229 237005 235764 234567 229580 220381 208150 199082 183256 164033 139594 110819 77509 43411 14901 1333 154 132 131 127 106 101 100 100 96 95 95 95 95 95 95 95 95 95 93 90 90 90 0 0 0 0 0 0 0 0 0 0 0 0 0 0 0 0 0 0 0 0 0 0 0 0 0 0 0 0 0 
260835 239011 238265 238084 238064 237879 238077 238112 238207 238124 238199 238104 238203 238064 238140 238055 238145 238003 238077 237924 238018 237804 237737 237229 237005 235764 234567 229580 220381 208150 199082 183256 164033 139594 110819 77509 43411 14901 1333 154 132 131 127 106 101 100 100 96 95 95 95 95 95 95 95 95 95 93 90 90 90 0 0 0 0 0 0 0 0 0 0 0 0 0 0 0 0 0 0 0 0 0 0 0 0 0 0 0 0 0 0 0 0 0 0 0 0 0 0 0 0 0 
260835 239011 238265 238084 238064 237879 238077 238112 238207 238124 238199 238104 238203 238064 238140 238055 238145 238003 238077 237924 238018 237804 237737 237229 237005 235764 234567 229580 220381 208150 199082 183256 164033 139594 110819 77509 43411 14901 1333 154 132 131 127 106 101 100 100 96 95 95 95 95 95 95 95 95 95 93 90 90 90 0 0 0 0 0 0 0 0 0 0 0 0 0 0 0 0 0 0 0 0 0 0 0 0 0 0 0 0 0 0 0 0 0 0 0 0 0 0 0 0 0 0 0 0 0 0 0 0 0 0 0 0 0 0 
260835 239011 238265 238084 238064 237879 238077 238112 238207 238124 238199 238104 238203 238064 238140 238055 238145 238003 238077 237924 238018 237804 237737 237229 237005 235764 234567 229580 220381 208150 199082 183256 164033 139594 110819 77509 43411 14901 1333 154 132 131 127 106 101 100 100 96 95 95 95 95 95 95 95 95 95 93 90 90 90 0 0 0 0 0 0 0 0 0 0 0 0 0 0 0 0 0 0 0 0 0 0 0 0 0 0 0 0 0 0 0 0 0 0 0 0 0 0 0 0 0 0 0 0 0 0 0 0 0 0 0 0 0 0 0 0 0 0 0 0 0 0 0 0 0 0 
260835 239011 238265 238084 238064 237879 238077 238112 238207 238124 238199 238104 238203 238064 238140 238055 238145 238003 238077 237924 238018 237804 237737 237229 237005 235764 234567 229580 220381 208150 199082 183256 164033 139594 110819 77509 43411 14901 1333 154 132 131 127 106 101 100 100 96 95 95 95 95 95 95 95 95 95 93 90 90 90 0 0 0 0 0 0 0 0 0 0 0 0 0 0 0 0 0 0 0 0 0 0 0 0 0 0 0 0 0 0 0 0 0 0 0 0 0 0 0 0 0 0 0 0 0 0 0 0 0 0 0 0 0 0 0 0 0 0 0 0 0 0 0 0 0 0 0 0 0 0 0 0 0 0 0 0 0 0 0 
260835 239011 238265 238084 238064 237879 238077 238112 238207 238124 238199 238104 238203 238064 238140 238055 238145 238003 238077 237924 238018 237804 237737 237229 237005 235764 234567 229580 220381 208150 199082 183256 164033 139594 110819 77509 43411 14901 1333 154 132 131 127 106 101 100 100 96 95 95 95 95 95 95 95 95 95 93 90 90 90 0 0 0 0 0 0 0 0 0 0 0 0 0 0 0 0 0 0 0 0 0 0 0 0 0 0 0 0 0 0 0 0 0 0 0 0 0 0 0 0 0 0 0 0 0 0 0 0 0 0 0 0 0 0 0 0 0 0 0 0 0 0 0 0 0 0 0 0 0 0 0 0 0 0 0 0 0 0 0 0 0 0 0 0 0 0 0 0 0 0 0 
260835 239011 238265 238084 238064 237879 238077 238112 238207 238124 238199 238104 238203 238064 238140 238055 238145 238003 238077 237924 238018 237804 237737 237229 237005 235764 234567 229580 220381 208150 199082 183256 164033 139594 110819 77509 43411 14901 1333 154 132 131 127 106 101 100 100 96 95 95 95 95 95 95 95 95 95 93 90 90 90 0 0 0 0 0 0 0 0 0 0 0 0 0 0 0 0 0 0 0 0 0 0 0 0 0 0 0 0 0 0 0 0 0 0 0 0 0 0 0 0 0 0 0 0 0 0 0 0 0 0 0 0 0 0 0 0 0 0 0 0 0 0 0 0 0 0 0 0 0 0 0 0 0 0 0 0 0 0 0 0 0 0 0 0 0 0 0 0 0 0 0 0 0 0 0 0 0 0 0 0 0 0 0 0 
260835 239011 238265 238084 238064 237879 238077 238112 238207 238124 238199 238104 238203 238064 238140 238055 238145 238003 238077 237924 238018 237804 237737 237229 237005 235764 234567 229580 220381 208150 199082 183256 164033 139594 110819 77509 43411 14901 1333 154 132 131 127 106 101 100 100 96 95 95 95 95 95 95 95 95 95 93 90 90 90 0 0 0 0 0 0 0 0 0 0 0 0 0 0 0 0 0 0 0 0 0 0 0 0 0 0 0 0 0 0 0 0 0 0 0 0 0 0 0 0 0 0 0 0 0 0 0 0 0 0 0 0 0 0 0 0 0 0 0 0 0 0 0 0 0 0 0 0 0 0 0 0 0 0 0 0 0 0 0 0 0 0 0 0 0 0 0 0 0 0 0 0 0 0 0 0 0 0 0 0 0 0 0 0 0 0 0 0 0 0 0 0 0 0 0 0 0 0 
260833 238793 238216 238063 238018 237813 238045 238087 238187 238101 238185 238078 238192 238039 238124 238014 238126 237957 238041 237854 237954 237595 237540 236786 236417 234199 231301 222878 210485 201081 187001 168035 144888 116667 84195 50282 19808 3121 166 142 131 123 116 103 101 98 96 95 95 95 95 95 95 95 95 95 95 90 90 90 0 0 0 0 0 
260833 238793 238216 238063 238018 237813 238045 238087 238187 238101 238185 238078 238192 238039 238124 238014 238126 237957 238041 237854 237954 237595 237540 236786 236417 234199 231301 222878 210485 201081 187001 168035 144888 116667 84195 50282 19808 3121 166 142 131 123 116 103 101 98 96 95 95 95 95 95 95 95 95 95 95 90 90 90 0 0 0 0 0 0 0 0 0 0 0 0 0 0 0 0 0 0 
260833 238793 238216 238063 238018 237813 238045 238087 238187 238101 238185 238078 238192 238039 238124 238014 238126 237957 238041 237854 237954 237595 237540 236786 236417 234199 231301 222878 210485 201081 187001 168035 144888 116667 84195 50282 19808 3121 166 142 131 123 116 103 101 98 96 95 95 95 95 95 95 95 95 95 95 90 90 90 0 0 0 0 0 0 0 0 0 0 0 0 0 0 0 0 0 0 0 0 0 0 0 0 0 0 0 0 0 0 
260833 238793 238216 238063 238018 237813 238045 238087 238187 238101 238185 238078 238192 238039 238124 238014 238126 237957 238041 237854 237954 237595 237540 236786 236417 234199 231301 222878 210485 201081 187001 168035 144888 116667 84195 50282 19808 3121 166 142 131 123 116 103 101 98 96 95 95 95 95 95 95 95 95 95 95 90 90 90 0 0 0 0 0 0 0 0 0 0 0 0 0 0 0 0 0 0 0 0 0 0 0 0 0 0 0 0 0 0 0 0 0 0 0 0 0 0 0 0 0 0 
260833 238793 238216 238063 238018 237813 238045 238087 238187 238101 238185 238078 238192 238039 238124 238014 238126 237957 238041 237854 237954 237595 237540 236786 236417 234199 231301 222878 210485 201081 187001 168035 144888 116667 84195 50282 19808 3121 166 142 131 123 116 103 101 98 96 95 95 95 95 95 95 95 95 95 95 90 90 90 0 0 0 0 0 0 0 0 0 0 0 0 0 0 0 0 0 0 0 0 0 0 0 0 0 0 0 0 0 0 0 0 0 0 0 0 0 0 0 0 0 0 0 0 0 0 0 0 0 0 0 0 0 0 0 
260833 238793 238216 238063 238018 237813 238045 238087 238187 238101 238185 238078 238192 238039 238124 238014 238126 237957 238041 237854 237954 237595 237540 236786 236417 234199 231301 222878 210485 201081 187001 168035 144888 116667 84195 50282 19808 3121 166 142 131 123 116 103 101 98 96 95 95 95 95 95 95 95 95 95 95 90 90 90 0 0 0 0 0 0 0 0 0 0 0 0 0 0 0 0 0 0 0 0 0 0 0 0 0 0 0 0 0 0 0 0 0 0 0 0 0 0 0 0 0 0 0 0 0 0 0 0 0 0 0 0 0 0 0 0 0 0 0 0 0 0 0 0 0 0 0 
260833 238793 238216 238063 238018 237813 238045 238087 238187 238101 238185 238078 238192 238039 238124 238014 238126 237957 238041 237854 237954 237595 237540 236786 236417 234199 231301 222878 210485 201081 187001 168035 144888 116667 84195 50282 19808 3121 166 142 131 123 116 103 101 98 96 95 95 95 95 95 95 95 95 95 95 90 90 90 0 0 0 0 0 0 0 0 0 0 0 0 0 0 0 0 0 0 0 0 0 0 0 0 0 0 0 0 0 0 0 0 0 0 0 0 0 0 0 0 0 0 0 0 0 0 0 0 0 0 0 0 0 0 0 0 0 0 0 0 0 0 0 0 0 0 0 0 0 0 0 0 0 0 0 0 0 0 0 0 
260833 238793 238216 238063 238018 237813 238045 238087 238187 238101 238185 238078 238192 238039 238124 238014 238126 237957 238041 237854 237954 237595 237540 236786 236417 234199 231301 222878 210485 201081 187001 168035 144888 116667 84195 50282 19808 3121 166 142 131 123 116 103 101 98 96 95 95 95 95 95 95 95 95 95 95 90 90 90 0 0 0 0 0 0 0 0 0 0 0 0 0 0 0 0 0 0 0 0 0 0 0 0 0 0 0 0 0 0 0 0 0 0 0 0 0 0 0 0 0 0 0 0 0 0 0 0 0 0 0 0 0 0 0 0 0 0 0 0 0 0 0 0 0 0 0 0 0 0 0 0 0 0 0 0 0 0 0 0 0 0 0 0 0 0 0 0 0 0 0 0 
260833 238793 238216 238063 238018 237813 238045 238087 238187 238101 238185 238078 238192 238039 238124 238014 238126 237957 238041 237854 237954 237595 237540 236786 236417 234199 231301 222878 210485 201081 187001 168035 144888 116667 84195 50282 19808 3121 166 142 131 123 116 103 101 98 96 95 95 95 95 95 95 95 95 95 95 90 90 90 0 0 0 0 0 0 0 0 0 0 0 0 0 0 0 0 0 0 0 0 0 0 0 0 0 0 0 0 0 0 0 0 0 0 0 0 0 0 0 0 0 0 0 0 0 0 0 0 0 0 0 0 0 0 0 0 0 0 0 0 0 0 0 0 0 0 0 0 0 0 0 0 0 0 0 0 0 0 0 0 0 0 0 0 0 0 0 0 0 0 0 0 0 0 0 0 0 0 0 0 0 0 0 0 0 
260833 238793 238216 238063 238018 237813 238045 238087 238187 238101 238185 238078 238192 238039 238124 238014 238126 237957 238041 237854 237954 237595 237540 236786 236417 234199 231301 222878 210485 201081 187001 168035 144888 116667 84195 50282 19808 3121 166 142 131 123 116 103 101 98 96 95 95 95 95 95 95 95 95 95 95 90 90 90 0 0 0 0 0 0 0 0 0 0 0 0 0 0 0 0 0 0 0 0 0 0 0 0 0 0 0 0 0 0 0 0 0 0 0 0 0 0 0 0 0 0 0 0 0 0 0 0 0 0 0 0 0 0 0 0 0 0 0 0 0 0 0 0 0 0 0 0 0 0 0 0 0 0 0 0 0 0 0 0 0 0 0 0 0 0 0 0 0 0 0 0 0 0 0 0 0 0 0 0 0 0 0 0 0 0 0 0 0 0 0 0 0 0 0 0 0 0 0 
260833 238692 238198 238033 237970 237752 238012 238057 238178 238082 238174 238057 238181 238015 238109 237974 238106 237912 238001 237786 237861 237413 237236 236237 235564 232057 225907 214191 204191 192047 174102 152520 125792 94289 60592 28439 5946 218 148 135 129 114 108 102 101 97 95 95 95 95 95 95 95 95 95 95 90 90 90 0 0 0 0 0 0 
260833 238692 238198 238033 237970 237752 238012 238057 238178 238082 238174 238057 238181 238015 238109 237974 238106 237912 238001 237786 237861 237413 237236 236237 235564 232057 225907 214191 204191 192047 174102 152520 125792 94289 60592 28439 5946 218 148 135 129 114 108 102 101 97 95 95 95 95 95 95 95 95 95 95 90 90 90 0 0 0 0 0 0 0 0 0 0 0 0 0 0 0 0 0 0 0 
260833 238692 238198 238033 237970 237752 238012 238057 238178 238082 238174 238057 238181 238015 238109 237974 238106 237912 238001 237786 237861 237413 237236 236237 235564 232057 225907 214191 204191 192047 174102 152520 125792 94289 60592 28439 5946 218 148 135 129 114 108 102 101 97 95 95 95 95 95 95 95 95 95 95 90 90 90 0 0 0 0 0 0 0 0 0 0 0 0 0 0 0 0 0 0 0 0 0 0 0 0 0 0 0 0 0 0 0 
260833 238692 238198 238033 237970 237752 238012 238057 238178 238082 238174 238057 238181 238015 238109 237974 238106 237912 238001 237786 237861 237413 237236 236237 235564 232057 225907 214191 204191 192047 174102 152520 125792 94289 60592 28439 5946 218 148 135 129 114 108 102 101 97 95 95 95 95 95 95 95 95 95 95 90 90 90 0 0 0 0 0 0 0 0 0 0 0 0 0 0 0 0 0 0 0 0 0 0 0 0 0 0 0 0 0 0 0 0 0 0 0 0 0 0 0 0 0 0 0 
260833 238692 238198 238033 237970 237752 238012 238057 238178 238082 238174 238057 238181 238015 238109 237974 238106 237912 238001 237786 237861 237413 237236 236237 235564 232057 225907 214191 204191 192047 174102 152520 125792 94289 60592 28439 5946 218 148 135 129 114 108 102 101 97 95 95 95 95 95 95 95 95 95 95 90 90 90 0 0 0 0 0 0 0 0 0 0 0 0 0 0 0 0 0 0 0 0 0 0 0 0 0 0 0 0 0 0 0 0 0 0 0 0 0 0 0 0 0 0 0 0 0 0 0 0 0 0 0 0 0 0 0 0 
260833 238692 238198 238033 237970 237752 238012 238057 238178 238082 238174 238057 238181 238015 238109 237974 238106 237912 238001 237786 237861 237413 237236 236237 235564 232057 225907 214191 204191 192047 174102 152520 125792 94289 60592 28439 5946 218 148 135 129 114 108 102 101 97 95 95 95 95 95 95 95 95 95 95 90 90 90 0 0 0 0 0 0 0 0 0 0 0 0 0 0 0 0 0 0 0 0 0 0 0 0 0 0 0 0 0 0 0 0 0 0 0 0 0 0 0 0 0 0 0 0 0 0 0 0 0 0 0 0 0 0 0 0 0 0 0 0 0 0 0 0 0 0 0 0 
260833 238692 238198 238033 237970 237752 238012 238057 238178 238082 238174 238057 238181 238015 238109 237974 238106 237912 238001 237786 237861 237413 237236 236237 235564 232057 225907 214191 204191 192047 174102 152520 125792 94289 60592 28439 5946 218 148 135 129 114 108 102 101 97 95 95 95 95 95 95 95 95 95 95 90 90 90 0 0 0 0 0 0 0 0 0 0 0 0 0 0 0 0 0 0 0 0 0 0 0 0 0 0 0 0 0 0 0 0 0 0 0 0 0 0 0 0 0 0 0 0 0 0 0 0 0 0 0 0 0 0 0 0 0 0 0 0 0 0 0 0 0 0 0 0 0 0 0 0 0 0 0 0 0 0 0 0 0 
260833 238692 238198 238033 237970 237752 238012 238057 238178 238082 238174 238057 238181 238015 238109 237974 238106 237912 238001 237786 237861 237413 237236 236237 235564 232057 225907 214191 204191 192047 174102 152520 125792 94289 60592 28439 5946 218 148 135 129 114 108 102 101 97 95 95 95 95 95 95 95 95 95 95 90 90 90 0 0 0 0 0 0 0 0 0 0 0 0 0 0 0 0 0 0 0 0 0 0 0 0 0 0 0 0 0 0 0 0 0 0 0 0 0 0 0 0 0 0 0 0 0 0 0 0 0 0 0 0 0 0 0 0 0 0 0 0 0 0 0 0 0 0 0 0 0 0 0 0 0 0 0 0 0 0 0 0 0 0 0 0 0 0 0 0 0 0 0 0 0 
260833 238692 238198 238033 237970 237752 238012 238057 238178 238082 238174 238057 238181 238015 238109 237974 238106 237912 238001 237786 237861 237413 237236 236237 235564 232057 225907 214191 204191 192047 174102 152520 125792 94289 60592 28439 5946 218 148 135 129 114 108 102 101 97 95 95 95 95 95 95 95 95 95 95 90 90 90 0 0 0 0 0 0 0 0 0 0 0 0 0 0 0 0 0 0 0 0 0 0 0 0 0 0 0 0 0 0 0 0 0 0 0 0 0 0 0 0 0 0 0 0 0 0 0 0 0 0 0 0 0 0 0 0 0 0 0 0 0 0 0 0 0 0 0 0 0 0 0 0 0 0 0 0 0 0 0 0 0 0 0 0 0 0 0 0 0 0 0 0 0 0 0 0 0 0 0 0 0 0 0 0 0 0 
260833 238692 238198 238033 237970 237752 238012 238057 238178 238082 238174 238057 238181 238015 238109 237974 238106 237912 238001 237786 237861 237413 237236 236237 235564 232057 225907 214191 204191 192047 174102 152520 125792 94289 60592 28439 5946 218 148 135 129 114 108 102 101 97 95 95 95 95 95 95 95 95 95 95 90 90 90 0 0 0 0 0 0 0 0 0 0 0 0 0 0 0 0 0 0 0 0 0 0 0 0 0 0 0 0 0 0 0 0 0 0 0 0 0 0 0 0 0 0 0 0 0 0 0 0 0 0 0 0 0 0 0 0 0 0 0 0 0 0 0 0 0 0 0 0 0 0 0 0 0 0 0 0 0 0 0 0 0 0 0 0 0 0 0 0 0 0 0 0 0 0 0 0 0 0 0 0 0 0 0 0 0 0 0 0 0 0 0 0 0 0 0 0 0 0 0 0 
260832 238644 238187 238014 237931 237692 237985 238030 238163 238053 238159 238033 238170 237992 238094 237944 238084 237873 237956 237704 237764 237142 236877 235567 234298 228839 219101 207278 197830 181129 161620 136553 107084 73474 39276 12846 1063 157 135 131 129 111 104 101 100 96 95 95 95 95 95 95 95 95 95 93 90 90 30 0 0 0 0 0 0 
260832 238644 238187 238014 237931 237692 237985 238030 238163 238053 238159 238033 238170 237992 238094 237944 238084 237873 237956 237704 237764 237142 236877 235567 234298 228839 219101 207278 197830 181129 161620 136553 107084 73474 39276 12846 1063 157 135 131 129 111 104 101 100 96 95 95 95 95 95 95 95 95 95 93 90 90 30 0 0 0 0 0 0 0 0 0 0 0 0 0 0 0 0 0 0 0 
260832 238644 238187 238014 237931 237692 237985 238030 238163 238053 238159 238033 238170 237992 238094 237944 238084 237873 237956 237704 237764 237142 236877 235567 234298 228839 219101 207278 197830 181129 161620 136553 107084 73474 39276 12846 1063 157 135 131 129 111 104 101 100 96 95 95 95 95 95 95 95 95 95 93 90 90 30 0 0 0 0 0 0 0 0 0 0 0 0 0 0 0 0 0 0 0 0 0 0 0 0 0 0 0 0 0 0 0 
260832 238644 238187 238014 237931 237692 237985 238030 238163 238053 238159 238033 238170 237992 238094 237944 238084 237873 237956 237704 237764 237142 236877 235567 234298 228839 219101 207278 197830 181129 161620 136553 107084 73474 39276 12846 1063 157 135 131 129 111 104 101 100 96 95 95 95 95 95 95 95 95 95 93 90 90 30 0 0 0 0 0 0 0 0 0 0 0 0 0 0 0 0 0 0 0 0 0 0 0 0 0 0 0 0 0 0 0 0 0 0 0 0 0 0 0 0 0 0 0 
260832 238644 238187 238014 237931 237692 237985 238030 238163 238053 238159 238033 238170 237992 238094 237944 238084 237873 237956 237704 237764 237142 236877 235567 234298 228839 219101 207278 197830 181129 161620 136553 107084 73474 39276 12846 1063 157 135 131 129 111 104 101 100 96 95 95 95 95 95 95 95 95 95 93 90 90 30 0 0 0 0 0 0 0 0 0 0 0 0 0 0 0 0 0 0 0 0 0 0 0 0 0 0 0 0 0 0 0 0 0 0 0 0 0 0 0 0 0 0 0 0 0 0 0 0 0 0 0 0 0 0 0 0 
260832 238644 238187 238014 237931 237692 237985 238030 238163 238053 238159 238033 238170 237992 238094 237944 238084 237873 237956 237704 237764 237142 236877 235567 234298 228839 219101 207278 197830 181129 161620 136553 107084 73474 39276 12846 1063 157 135 131 129 111 104 101 100 96 95 95 95 95 95 95 95 95 95 93 90 90 30 0 0 0 0 0 0 0 0 0 0 0 0 0 0 0 0 0 0 0 0 0 0 0 0 0 0 0 0 0 0 0 0 0 0 0 0 0 0 0 0 0 0 0 0 0 0 0 0 0 0 0 0 0 0 0 0 0 0 0 0 0 0 0 0 0 0 0 0 
260832 238644 238187 238014 237931 237692 237985 238030 238163 238053 238159 238033 238170 237992 238094 237944 238084 237873 237956 237704 237764 237142 236877 235567 234298 228839 219101 207278 197830 181129 161620 136553 107084 73474 39276 12846 1063 157 135 131 129 111 104 101 100 96 95 95 95 95 95 95 95 95 95 93 90 90 30 0 0 0 0 0 0 0 0 0 0 0 0 0 0 0 0 0 0 0 0 0 0 0 0 0 0 0 0 0 0 0 0 0 0 0 0 0 0 0 0 0 0 0 0 0 0 0 0 0 0 0 0 0 0 0 0 0 0 0 0 0 0 0 0 0 0 0 0 0 0 0 0 0 0 0 0 0 0 0 0 0 
260832 238644 238187 238014 237931 237692 237985 238030 238163 238053 238159 238033 238170 237992 238094 237944 238084 237873 237956 237704 237764 237142 236877 235567 234298 228839 219101 207278 197830 181129 161620 136553 107084 73474 39276 12846 1063 157 135 131 129 111 104 101 100 96 95 95 95 95 95 95 95 95 95 93 90 90 30 0 0 0 0 0 0 0 0 0 0 0 0 0 0 0 0 0 0 0 0 0 0 0 0 0 0 0 0 0 0 0 0 0 0 0 0 0 0 0 0 0 0 0 0 0 0 0 0 0 0 0 0 0 0 0 0 0 0 0 0 0 0 0 0 0 0 0 0 0 0 0 0 0 0 0 0 0 0 0 0 0 0 0 0 0 0 0 0 0 0 0 0 0 
260832 238644 238187 238014 237931 237692 237985 238030 238163 238053 238159 238033 238170 237992 238094 237944 238084 237873 237956 237704 237764 237142 236877 235567 234298 228839 219101 207278 197830 181129 161620 136553 107084 73474 39276 12846 1063 157 135 131 129 111 104 101 100 96 95 95 95 95 95 95 95 95 95 93 90 90 30 0 0 0 0 0 0 0 0 0 0 0 0 0 0 0 0 0 0 0 0 0 0 0 0 0 0 0 0 0 0 0 0 0 0 0 0 0 0 0 0 0 0 0 0 0 0 0 0 0 0 0 0 0 0 0 0 0 0 0 0 0 0 0 0 0 0 0 0 0 0 0 0 0 0 0 0 0 0 0 0 0 0 0 0 0 0 0 0 0 0 0 0 0 0 0 0 0 0 0 0 0 0 0 0 0 0 
260832 238644 238187 238014 237931 237692 237985 238030 238163 238053 238159 238033 238170 237992 238094 237944 238084 237873 237956 237704 237764 237142 236877 235567 234298 228839 219101 207278 197830 181129 161620 136553 107084 73474 39276 12846 1063 157 135 131 129 111 104 101 100 96 95 95 95 95 95 95 95 95 95 93 90 90 30 0 0 0 0 0 0 0 0 0 0 0 0 0 0 0 0 0 0 0 0 0 0 0 0 0 0 0 0 0 0 0 0 0 0 0 0 0 0 0 0 0 0 0 0 0 0 0 0 0 0 0 0 0 0 0 0 0 0 0 0 0 0 0 0 0 0 0 0 0 0 0 0 0 0 0 0 0 0 0 0 0 0 0 0 0 0 0 0 0 0 0 0 0 0 0 0 0 0 0 0 0 0 0 0 0 0 0 0 0 0 0 0 0 0 0 0 0 0 0 0 
260832 238609 238179 237995 237896 237631 237946 237994 238151 238029 238143 237994 238157 237965 238078 237912 238062 237830 237913 237601 237551 236809 236495 234515 232397 224454 212335 202661 189614 170858 148529 120832 88796 55016 23968 4237 178 150 132 131 125 105 101 98 96 95 95 95 95 95 95 95 95 95 93 90 90 90 0 0 0 0 0 0 0 
260832 238609 238179 237995 237896 237631 237946 237994 238151 238029 238143 237994 238157 237965 238078 237912 238062 237830 237913 237601 237551 236809 236495 234515 232397 224454 212335 202661 189614 170858 148529 120832 88796 55016 23968 4237 178 150 132 131 125 105 101 98 96 95 95 95 95 95 95 95 95 95 93 90 90 90 0 0 0 0 0 0 0 0 0 0 0 0 0 0 0 0 0 0 0 0 
260832 238609 238179 237995 237896 237631 237946 237994 238151 238029 238143 237994 238157 237965 238078 237912 238062 237830 237913 237601 237551 236809 236495 234515 232397 224454 212335 202661 189614 170858 148529 120832 88796 55016 23968 4237 178 150 132 131 125 105 101 98 96 95 95 95 95 95 95 95 95 95 93 90 90 90 0 0 0 0 0 0 0 0 0 0 0 0 0 0 0 0 0 0 0 0 0 0 0 0 0 0 0 0 0 0 0 0 
260832 238609 238179 237995 237896 237631 237946 237994 238151 238029 238143 237994 238157 237965 238078 237912 238062 237830 237913 237601 237551 236809 236495 234515 232397 224454 212335 202661 189614 170858 148529 120832 88796 55016 23968 4237 178 150 132 131 125 105 101 98 96 95 95 95 95 95 95 95 95 95 93 90 90 90 0 0 0 0 0 0 0 0 0 0 0 0 0 0 0 0 0 0 0 0 0 0 0 0 0 0 0 0 0 0 0 0 0 0 0 0 0 0 0 0 0 0 0 0 
260832 238609 238179 237995 237896 237631 237946 237994 238151 238029 238143 237994 238157 237965 238078 237912 238062 237830 237913 237601 237551 236809 236495 234515 232397 224454 212335 202661 189614 170858 148529 120832 88796 55016 23968 4237 178 150 132 131 125 105 101 98 96 95 95 95 95 95 95 95 95 95 93 90 90 90 0 0 0 0 0 0 0 0 0 0 0 0 0 0 0 0 0 0 0 0 0 0 0 0 0 0 0 0 0 0 0 0 0 0 0 0 0 0 0 0 0 0 0 0 0 0 0 0 0 0 0 0 0 0 0 0 0 
260832 238609 238179 237995 237896 237631 237946 237994 238151 238029 238143 237994 238157 237965 238078 237912 238062 237830 237913 237601 237551 236809 236495 234515 232397 224454 212335 202661 189614 170858 148529 120832 88796 55016 23968 4237 178 150 132 131 125 105 101 98 96 95 95 95 95 95 95 95 95 95 93 90 90 90 0 0 0 0 0 0 0 0 0 0 0 0 0 0 0 0 0 0 0 0 0 0 0 0 0 0 0 0 0 0 0 0 0 0 0 0 0 0 0 0 0 0 0 0 0 0 0 0 0 0 0 0 0 0 0 0 0 0 0 0 0 0 0 0 0 0 0 0 0 
260832 238609 238179 237995 237896 237631 237946 237994 238151 238029 238143 237994 238157 237965 238078 237912 238062 237830 237913 237601 237551 236809 236495 234515 232397 224454 212335 202661 189614 170858 148529 120832 88796 55016 23968 4237 178 150 132 131 125 105 101 98 96 95 95 95 95 95 95 95 95 95 93 90 90 90 0 0 0 0 0 0 0 0 0 0 0 0 0 0 0 0 0 0 0 0 0 0 0 0 0 0 0 0 0 0 0 0 0 0 0 0 0 0 0 0 0 0 0 0 0 0 0 0 0 0 0 0 0 0 0 0 0 0 0 0 0 0 0 0 0 0 0 0 0 0 0 0 0 0 0 0 0 0 0 0 0 0 
260832 238609 238179 237995 237896 237631 237946 237994 238151 238029 238143 237994 238157 237965 238078 237912 238062 237830 237913 237601 237551 236809 236495 234515 232397 224454 212335 202661 189614 170858 148529 120832 88796 55016 23968 4237 178 150 132 131 125 105 101 98 96 95 95 95 95 95 95 95 95 95 93 90 90 90 0 0 0 0 0 0 0 0 0 0 0 0 0 0 0 0 0 0 0 0 0 0 0 0 0 0 0 0 0 0 0 0 0 0 0 0 0 0 0 0 0 0 0 0 0 0 0 0 0 0 0 0 0 0 0 0 0 0 0 0 0 0 0 0 0 0 0 0 0 0 0 0 0 0 0 0 0 0 0 0 0 0 0 0 0 0 0 0 0 0 0 0 0 0 
260832 238609 238179 237995 237896 237631 237946 237994 238151 238029 238143 237994 238157 237965 238078 237912 238062 237830 237913 237601 237551 236809 236495 234515 232397 224454 212335 202661 189614 170858 148529 120832 88796 55016 23968 4237 178 150 132 131 125 105 101 98 96 95 95 95 95 95 95 95 95 95 93 90 90 90 0 0 0 0 0 0 0 0 0 0 0 0 0 0 0 0 0 0 0 0 0 0 0 0 0 0 0 0 0 0 0 0 0 0 0 0 0 0 0 0 0 0 0 0 0 0 0 0 0 0 0 0 0 0 0 0 0 0 0 0 0 0 0 0 0 0 0 0 0 0 0 0 0 0 0 0 0 0 0 0 0 0 0 0 0 0 0 0 0 0 0 0 0 0 0 0 0 0 0 0 0 0 0 0 0 0 0 
260832 238609 238179 237995 237896 237631 237946 237994 238151 238029 238143 237994 238157 237965 238078 237912 238062 237830 237913 237601 237551 236809 236495 234515 232397 224454 212335 202661 189614 170858 148529 120832 88796 55016 23968 4237 178 150 132 131 125 105 101 98 96 95 95 95 95 95 95 95 95 95 93 90 90 90 0 0 0 0 0 0 0 0 0 0 0 0 0 0 0 0 0 0 0 0 0 0 0 0 0 0 0 0 0 0 0 0 0 0 0 0 0 0 0 0 0 0 0 0 0 0 0 0 0 0 0 0 0 0 0 0 0 0 0 0 0 0 0 0 0 0 0 0 0 0 0 0 0 0 0 0 0 0 0 0 0 0 0 0 0 0 0 0 0 0 0 0 0 0 0 0 0 0 0 0 0 0 0 0 0 0 0 0 0 0 0 0 0 0 0 0 0 0 0 0 0 
260830 238576 238172 237968 237863 237547 237907 237970 238137 238002 238132 237968 238137 237930 238053 237879 238035 237774 237859 237474 237369 236447 236051 233201 229121 218741 207060 197099 180533 160491 135321 105447 71961 37652 12168 910 167 143 131 125 117 103 101 98 96 95 95 95 95 95 95 95 95 95 90 90 90 30 0 0 0 0 0 0 0 
260830 238576 238172 237968 237863 237547 237907 237970 238137 238002 238132 237968 238137 237930 238053 237879 238035 237774 237859 237474 237369 236447 236051 233201 229121 218741 207060 197099 180533 160491 135321 105447 71961 37652 12168 910 167 143 131 125 117 103 101 98 96 95 95 95 95 95 95 95 95 95 90 90 90 30 0 0 0 0 0 0 0 0 0 0 0 0 0 0 0 0 0 0 0 0 
260830 238576 238172 237968 237863 237547 237907 237970 238137 238002 238132 237968 238137 237930 238053 237879 238035 237774 237859 237474 237369 236447 236051 233201 229121 218741 207060 197099 180533 160491 135321 105447 71961 37652 12168 910 167 143 131 125 117 103 101 98 96 95 95 95 95 95 95 95 95 95 90 90 90 30 0 0 0 0 0 0 0 0 0 0 0 0 0 0 0 0 0 0 0 0 0 0 0 0 0 0 0 0 0 0 0 0 
260830 238576 238172 237968 237863 237547 237907 237970 238137 238002 238132 237968 238137 237930 238053 237879 238035 237774 237859 237474 237369 236447 236051 233201 229121 218741 207060 197099 180533 160491 135321 105447 71961 37652 12168 910 167 143 131 125 117 103 101 98 96 95 95 95 95 95 95 95 95 95 90 90 90 30 0 0 0 0 0 0 0 0 0 0 0 0 0 0 0 0 0 0 0 0 0 0 0 0 0 0 0 0 0 0 0 0 0 0 0 0 0 0 0 0 0 0 0 0 
260830 238576 238172 237968 237863 237547 237907 237970 238137 238002 238132 237968 238137 237930 238053 237879 238035 237774 237859 237474 237369 236447 236051 233201 229121 218741 207060 197099 180533 160491 135321 105447 71961 37652 12168 910 167 143 131 125 117 103 101 98 96 95 95 95 95 95 95 95 95 95 90 90 90 30 0 0 0 0 0 0 0 0 0 0 0 0 0 0 0 0 0 0 0 0 0 0 0 0 0 0 0 0 0 0 0 0 0 0 0 0 0 0 0 0 0 0 0 0 0 0 0 0 0 0 0 0 0 0 0 0 0 
260830 238576 238172 237968 237863 237547 237907 237970 238137 238002 238132 237968 238137 237930 238053 237879 238035 237774 237859 237474 237369 236447 236051 233201 229121 218741 207060 197099 180533 160491 135321 105447 71961 37652 12168 910 167 143 131 125 117 103 101 98 96 95 95 95 95 95 95 95 95 95 90 90 90 30 0 0 0 0 0 0 0 0 0 0 0 0 0 0 0 0 0 0 0 0 0 0 0 0 0 0 0 0 0 0 0 0 0 0 0 0 0 0 0 0 0 0 0 0 0 0 0 0 0 0 0 0 0 0 0 0 0 0 0 0 0 0 0 0 0 0 0 0 0 
260830 238576 238172 237968 237863 237547 237907 237970 238137 238002 238132 237968 238137 237930 238053 237879 238035 237774 237859 237474 237369 236447 236051 233201 229121 218741 207060 197099 180533 160491 135321 105447 71961 37652 12168 910 167 143 131 125 117 103 101 98 96 95 95 95 95 95 95 95 95 95 90 90 90 30 0 0 0 0 0 0 0 0 0 0 0 0 0 0 0 0 0 0 0 0 0 0 0 0 0 0 0 0 0 0 0 0 0 0 0 0 0 0 0 0 0 0 0 0 0 0 0 0 0 0 0 0 0 0 0 0 0 0 0 0 0 0 0 0 0 0 0 0 0 0 0 0 0 0 0 0 0 0 0 0 0 0 
260830 238576 238172 237968 237863 237547 237907 237970 238137 238002 238132 237968 238137 237930 238053 237879 238035 237774 237859 237474 237369 236447 236051 233201 229121 218741 207060 197099 180533 160491 135321 105447 71961 37652 12168 910 167 143 131 125 117 103 101 98 96 95 95 95 95 95 95 95 95 95 90 90 90 30 0 0 0 0 0 0 0 0 0 0 0 0 0 0 0 0 0 0 0 0 0 0 0 0 0 0 0 0 0 0 0 0 0 0 0 0 0 0 0 0 0 0 0 0 0 0 0 0 0 0 0 0 0 0 0 0 0 0 0 0 0 0 0 0 0 0 0 0 0 0 0 0 0 0 0 0 0 0 0 0 0 0 0 0 0 0 0 0 0 0 0 0 0 0 
260830 238576 238172 237968 237863 237547 237907 237970 238137 238002 238132 237968 238137 237930 238053 237879 238035 237774 237859 237474 237369 236447 236051 233201 229121 218741 207060 197099 180533 160491 135321 105447 71961 37652 12168 910 167 143 131 125 117 103 101 98 96 95 95 95 95 95 95 95 95 95 90 90 90 30 0 0 0 0 0 0 0 0 0 0 0 0 0 0 0 0 0 0 0 0 0 0 0 0 0 0 0 0 0 0 0 0 0 0 0 0 0 0 0 0 0 0 0 0 0 0 0 0 0 0 0 0 0 0 0 0 0 0 0 0 0 0 0 0 0 0 0 0 0 0 0 0 0 0 0 0 0 0 0 0 0 0 0 0 0 0 0 0 0 0 0 0 0 0 0 0 0 0 0 0 0 0 0 0 0 0 0 
260830 238576 238172 237968 237863 237547 237907 237970 238137 238002 238132 237968 238137 237930 238053 237879 238035 237774 237859 237474 237369 236447 236051 233201 229121 218741 207060 197099 180533 160491 135321 105447 71961 37652 12168 910 167 143 131 125 117 103 101 98 96 95 95 95 95 95 95 95 95 95 90 90 90 30 0 0 0 0 0 0 0 0 0 0 0 0 0 0 0 0 0 0 0 0 0 0 0 0 0 0 0 0 0 0 0 0 0 0 0 0 0 0 0 0 0 0 0 0 0 0 0 0 0 0 0 0 0 0 0 0 0 0 0 0 0 0 0 0 0 0 0 0 0 0 0 0 0 0 0 0 0 0 0 0 0 0 0 0 0 0 0 0 0 0 0 0 0 0 0 0 0 0 0 0 0 0 0 0 0 0 0 0 0 0 0 0 0 0 0 0 0 0 0 0 0 
260827 238560 238166 237941 237819 237473 237877 237947 238132 237980 238119 237938 238089 237890 238036 237840 238002 237728 237801 237349 237155 236039 235402 231658 225073 212987 203369 190233 172041 149711 122352 90321 56654 25303 4589 190 157 137 130 117 111 103 101 97 95 95 95 95 95 95 95 95 95 93 90 90 90 0 0 0 0 0 0 0 0 
260827 238560 238166 237941 237819 237473 237877 237947 238132 237980 238119 237938 238089 237890 238036 237840 238002 237728 237801 237349 237155 236039 235402 231658 225073 212987 203369 190233 172041 149711 122352 90321 56654 25303 4589 190 157 137 130 117 111 103 101 97 95 95 95 95 95 95 95 95 95 93 90 90 90 0 0 0 0 0 0 0 0 0 0 0 0 0 0 0 0 0 0 0 0 0 
260827 238560 238166 237941 237819 237473 237877 237947 238132 237980 238119 237938 238089 237890 238036 237840 238002 237728 237801 237349 237155 236039 235402 231658 225073 212987 203369 190233 172041 149711 122352 90321 56654 25303 4589 190 157 137 130 117 111 103 101 97 95 95 95 95 95 95 95 95 95 93 90 90 90 0 0 0 0 0 0 0 0 0 0 0 0 0 0 0 0 0 0 0 0 0 0 0 0 0 0 0 0 0 0 0 0 0 
260827 238560 238166 237941 237819 237473 237877 237947 238132 237980 238119 237938 238089 237890 238036 237840 238002 237728 237801 237349 237155 236039 235402 231658 225073 212987 203369 190233 172041 149711 122352 90321 56654 25303 4589 190 157 137 130 117 111 103 101 97 95 95 95 95 95 95 95 95 95 93 90 90 90 0 0 0 0 0 0 0 0 0 0 0 0 0 0 0 0 0 0 0 0 0 0 0 0 0 0 0 0 0 0 0 0 0 0 0 0 0 0 0 0 0 0 0 0 0 
260827 238560 238166 237941 237819 237473 237877 237947 238132 237980 238119 237938 238089 237890 238036 237840 238002 237728 237801 237349 237155 236039 235402 231658 225073 212987 203369 190233 172041 149711 122352 90321 56654 25303 4589 190 157 137 130 117 111 103 101 97 95 95 95 95 95 95 95 95 95 93 90 90 90 0 0 0 0 0 0 0 0 0 0 0 0 0 0 0 0 0 0 0 0 0 0 0 0 0 0 0 0 0 0 0 0 0 0 0 0 0 0 0 0 0 0 0 0 0 0 0 0 0 0 0 0 0 0 0 0 0 0 
260827 238560 238166 237941 237819 237473 237877 237947 238132 237980 238119 237938 238089 237890 238036 237840 238002 237728 237801 237349 237155 236039 235402 231658 225073 212987 203369 190233 172041 149711 122352 90321 56654 25303 4589 190 157 137 130 117 111 103 101 97 95 95 95 95 95 95 95 95 95 93 90 90 90 0 0 0 0 0 0 0 0 0 0 0 0 0 0 0 0 0 0 0 0 0 0 0 0 0 0 0 0 0 0 0 0 0 0 0 0 0 0 0 0 0 0 0 0 0 0 0 0 0 0 0 0 0 0 0 0 0 0 0 0 0 0 0 0 0 0 0 0 0 0 
260827 238560 238166 237941 237819 237473 237877 237947 238132 237980 238119 237938 238089 237890 238036 237840 238002 237728 237801 237349 237155 236039 235402 231658 225073 212987 203369 190233 172041 149711 122352 90321 56654 25303 4589 190 157 137 130 117 111 103 101 97 95 95 95 95 95 95 95 95 95 93 90 90 90 0 0 0 0 0 0 0 0 0 0 0 0 0 0 0 0 0 0 0 0 0 0 0 0 0 0 0 0 0 0 0 0 0 0 0 0 0 0 0 0 0 0 0 0 0 0 0 0 0 0 0 0 0 0 0 0 0 0 0 0 0 0 0 0 0 0 0 0 0 0 0 0 0 0 0 0 0 0 0 0 0 0 0 
260827 238560 238166 237941 237819 237473 237877 237947 238132 237980 238119 237938 238089 237890 238036 237840 238002 237728 237801 237349 237155 236039 235402 231658 225073 212987 203369 190233 172041 149711 122352 90321 56654 25303 4589 190 157 137 130 117 111 103 101 97 95 95 95 95 95 95 95 95 95 93 90 90 90 0 0 0 0 0 0 0 0 0 0 0 0 0 0 0 0 0 0 0 0 0 0 0 0 0 0 0 0 0 0 0 0 0 0 0 0 0 0 0 0 0 0 0 0 0 0 0 0 0 0 0 0 0 0 0 0 0 0 0 0 0 0 0 0 0 0 0 0 0 0 0 0 0 0 0 0 0 0 0 0 0 0 0 0 0 0 0 0 0 0 0 0 0 0 0 
260827 238560 238166 237941 237819 237473 237877 237947 238132 237980 238119 237938 238089 237890 238036 237840 238002 237728 237801 237349 237155 236039 235402 231658 225073 212987 203369 190233 172041 149711 122352 90321 56654 25303 4589 190 157 137 130 117 111 103 101 97 95 95 95 95 95 95 95 95 95 93 90 90 90 0 0 0 0 0 0 0 0 0 0 0 0 0 0 0 0 0 0 0 0 0 0 0 0 0 0 0 0 0 0 0 0 0 0 0 0 0 0 0 0 0 0 0 0 0 0 0 0 0 0 0 0 0 0 0 0 0 0 0 0 0 0 0 0 0 0 0 0 0 0 0 0 0 0 0 0 0 0 0 0 0 0 0 0 0 0 0 0 0 0 0 0 0 0 0 0 0 0 0 0 0 0 0 0 0 0 0 0 
260827 238560 238166 237941 237819 237473 237877 237947 238132 237980 238119 237938 238089 237890 238036 237840 238002 237728 237801 237349 237155 236039 235402 231658 225073 212987 203369 190233 172041 149711 122352 90321 56654 25303 4589 190 157 137 130 117 111 103 101 97 95 95 95 95 95 95 95 95 95 93 90 90 90 0 0 0 0 0 0 0 0 0 0 0 0 0 0 0 0 0 0 0 0 0 0 0 0 0 0 0 0 0 0 0 0 0 0 0 0 0 0 0 0 0 0 0 0 0 0 0 0 0 0 0 0 0 0 0 0 0 0 0 0 0 0 0 0 0 0 0 0 0 0 0 0 0 0 0 0 0 0 0 0 0 0 0 0 0 0 0 0 0 0 0 0 0 0 0 0 0 0 0 0 0 0 0 0 0 0 0 0 0 0 0 0 0 0 0 0 0 0 0 0 0 0 0 0 
260826 238554 238155 237919 237774 237425 237843 237921 238127 237953 238096 237909 238076 237867 238015 237809 237976 237663 237726 237145 236878 235600 234605 229388 220333 208308 198922 182747 163446 138694 109646 76145 41965 14179 1235 164 148 134 129 114 108 102 100 96 95 95 95 95 95 95 95 95 95 90 90 90 0 0 0 0 0 0 0 0 0 
260826 238554 238155 237919 237774 237425 237843 237921 238127 237953 238096 237909 238076 237867 238015 237809 237976 237663 237726 237145 236878 235600 234605 229388 220333 208308 198922 182747 163446 138694 109646 76145 41965 14179 1235 164 148 134 129 114 108 102 100 96 95 95 95 95 95 95 95 95 95 90 90 90 0 0 0 0 0 0 0 0 0 0 0 0 0 0 0 0 0 0 0 0 0 0 
260826 238554 238155 237919 237774 237425 237843 237921 238127 237953 238096 237909 238076 237867 238015 237809 237976 237663 237726 237145 236878 235600 234605 229388 220333 208308 198922 182747 163446 138694 109646 76145 41965 14179 1235 164 148 134 129 114 108 102 100 96 95 95 95 95 95 95 95 95 95 90 90 90 0 0 0 0 0 0 0 0 0 0 0 0 0 0 0 0 0 0 0 0 0 0 0 0 0 0 0 0 0 0 0 0 0 0 
260826 238554 238155 237919 237774 237425 237843 237921 238127 237953 238096 237909 238076 237867 238015 237809 237976 237663 237726 237145 236878 235600 234605 229388 220333 208308 198922 182747 163446 138694 109646 76145 41965 14179 1235 164 148 134 129 114 108 102 100 96 95 95 95 95 95 95 95 95 95 90 90 90 0 0 0 0 0 0 0 0 0 0 0 0 0 0 0 0 0 0 0 0 0 0 0 0 0 0 0 0 0 0 0 0 0 0 0 0 0 0 0 0 0 0 0 0 0 0 
260826 238554 238155 237919 237774 237425 237843 237921 238127 237953 238096 237909 238076 237867 238015 237809 237976 237663 237726 237145 236878 235600 234605 229388 220333 208308 198922 182747 163446 138694 109646 76145 41965 14179 1235 164 148 134 129 114 108 102 100 96 95 95 95 95 95 95 95 95 95 90 90 90 0 0 0 0 0 0 0 0 0 0 0 0 0 0 0 0 0 0 0 0 0 0 0 0 0 0 0 0 0 0 0 0 0 0 0 0 0 0 0 0 0 0 0 0 0 0 0 0 0 0 0 0 0 0 0 0 0 0 0 
260826 238554 238155 237919 237774 237425 237843 237921 238127 237953 238096 237909 238076 237867 238015 237809 237976 237663 237726 237145 236878 235600 234605 229388 220333 208308 198922 182747 163446 138694 109646 76145 41965 14179 1235 164 148 134 129 114 108 102 100 96 95 95 95 95 95 95 95 95 95 90 90 90 0 0 0 0 0 0 0 0 0 0 0 0 0 0 0 0 0 0 0 0 0 0 0 0 0 0 0 0 0 0 0 0 0 0 0 0 0 0 0 0 0 0 0 0 0 0 0 0 0 0 0 0 0 0 0 0 0 0 0 0 0 0 0 0 0 0 0 0 0 0 0 
260826 238554 238155 237919 237774 237425 237843 237921 238127 237953 238096 237909 238076 237867 238015 237809 237976 237663 237726 237145 236878 235600 234605 229388 220333 208308 198922 182747 163446 138694 109646 76145 41965 14179 1235 164 148 134 129 114 108 102 100 96 95 95 95 95 95 95 95 95 95 90 90 90 0 0 0 0 0 0 0 0 0 0 0 0 0 0 0 0 0 0 0 0 0 0 0 0 0 0 0 0 0 0 0 0 0 0 0 0 0 0 0 0 0 0 0 0 0 0 0 0 0 0 0 0 0 0 0 0 0 0 0 0 0 0 0 0 0 0 0 0 0 0 0 0 0 0 0 0 0 0 0 0 0 0 0 0 
260826 238554 238155 237919 237774 237425 237843 237921 238127 237953 238096 237909 238076 237867 238015 237809 237976 237663 237726 237145 236878 235600 234605 229388 220333 208308 198922 182747 163446 138694 109646 76145 41965 14179 1235 164 148 134 129 114 108 102 100 96 95 95 95 95 95 95 95 95 95 90 90 90 0 0 0 0 0 0 0 0 0 0 0 0 0 0 0 0 0 0 0 0 0 0 0 0 0 0 0 0 0 0 0 0 0 0 0 0 0 0 0 0 0 0 0 0 0 0 0 0 0 0 0 0 0 0 0 0 0 0 0 0 0 0 0 0 0 0 0 0 0 0 0 0 0 0 0 0 0 0 0 0 0 0 0 0 0 0 0 0 0 0 0 0 0 0 0 0 
260826 238554 238155 237919 237774 237425 237843 237921 238127 237953 238096 237909 238076 237867 238015 237809 237976 237663 237726 237145 236878 235600 234605 229388 220333 208308 198922 182747 163446 138694 109646 76145 41965 14179 1235 164 148 134 129 114 108 102 100 96 95 95 95 95 95 95 95 95 95 90 90 90 0 0 0 0 0 0 0 0 0 0 0 0 0 0 0 0 0 0 0 0 0 0 0 0 0 0 0 0 0 0 0 0 0 0 0 0 0 0 0 0 0 0 0 0 0 0 0 0 0 0 0 0 0 0 0 0 0 0 0 0 0 0 0 0 0 0 0 0 0 0 0 0 0 0 0 0 0 0 0 0 0 0 0 0 0 0 0 0 0 0 0 0 0 0 0 0 0 0 0 0 0 0 0 0 0 0 0 0 0 
260826 238554 238155 237919 237774 237425 237843 237921 238127 237953 238096 237909 238076 237867 238015 237809 237976 237663 237726 237145 236878 235600 234605 229388 220333 208308 198922 182747 163446 138694 109646 76145 41965 14179 1235 164 148 134 129 114 108 102 100 96 95 95 95 95 95 95 95 95 95 90 90 90 0 0 0 0 0 0 0 0 0 0 0 0 0 0 0 0 0 0 0 0 0 0 0 0 0 0 0 0 0 0 0 0 0 0 0 0 0 0 0 0 0 0 0 0 0 0 0 0 0 0 0 0 0 0 0 0 0 0 0 0 0 0 0 0 0 0 0 0 0 0 0 0 0 0 0 0 0 0 0 0 0 0 0 0 0 0 0 0 0 0 0 0 0 0 0 0 0 0 0 0 0 0 0 0 0 0 0 0 0 0 0 0 0 0 0 0 0 0 0 0 0 0 0 0 
260826 238542 238142 237883 237741 237356 237811 237904 238115 237930 238080 237882 238061 237836 237997 237777 237947 237580 237660 236922 236596 234966 233548 226711 215487 205156 193678 175547 154617 128050 96895 63117 30485 7324 322 160 142 131 128 112 106 100 100 96 95 95 95 95 95 95 95 95 93 90 90 90 0 0 0 0 0 0 0 0 0 
260826 238542 238142 237883 237741 237356 237811 237904 238115 237930 238080 237882 238061 237836 237997 237777 237947 237580 237660 236922 236596 234966 233548 226711 215487 205156 193678 175547 154617 128050 96895 63117 30485 7324 322 160 142 131 128 112 106 100 100 96 95 95 95 95 95 95 95 95 93 90 90 90 0 0 0 0 0 0 0 0 0 0 0 0 0 0 0 0 0 0 0 0 0 0 
260826 238542 238142 237883 237741 237356 237811 237904 238115 237930 238080 237882 238061 237836 237997 237777 237947 237580 237660 236922 236596 234966 233548 226711 215487 205156 193678 175547 154617 128050 96895 63117 30485 7324 322 160 142 131 128 112 106 100 100 96 95 95 95 95 95 95 95 95 93 90 90 90 0 0 0 0 0 0 0 0 0 0 0 0 0 0 0 0 0 0 0 0 0 0 0 0 0 0 0 0 0 0 0 0 0 0 
260826 238542 238142 237883 237741 237356 237811 237904 238115 237930 238080 237882 238061 237836 237997 237777 237947 237580 237660 236922 236596 234966 233548 226711 215487 205156 193678 175547 154617 128050 96895 63117 30485 7324 322 160 142 131 128 112 106 100 100 96 95 95 95 95 95 95 95 95 93 90 90 90 0 0 0 0 0 0 0 0 0 0 0 0 0 0 0 0 0 0 0 0 0 0 0 0 0 0 0 0 0 0 0 0 0 0 0 0 0 0 0 0 0 0 0 0 0 0 
260826 238542 238142 237883 237741 237356 237811 237904 238115 237930 238080 237882 238061 237836 237997 237777 237947 237580 237660 236922 236596 234966 233548 226711 215487 205156 193678 175547 154617 128050 96895 63117 30485 7324 322 160 142 131 128 112 106 100 100 96 95 95 95 95 95 95 95 95 93 90 90 90 0 0 0 0 0 0 0 0 0 0 0 0 0 0 0 0 0 0 0 0 0 0 0 0 0 0 0 0 0 0 0 0 0 0 0 0 0 0 0 0 0 0 0 0 0 0 0 0 0 0 0 0 0 0 0 0 0 0 0 
260826 238542 238142 237883 237741 237356 237811 237904 238115 237930 238080 237882 238061 237836 237997 237777 237947 237580 237660 236922 236596 234966 233548 226711 215487 205156 193678 175547 154617 128050 96895 63117 30485 7324 322 160 142 131 128 112 106 100 100 96 95 95 95 95 95 95 95 95 93 90 90 90 0 0 0 0 0 0 0 0 0 0 0 0 0 0 0 0 0 0 0 0 0 0 0 0 0 0 0 0 0 0 0 0 0 0 0 0 0 0 0 0 0 0 0 0 0 0 0 0 0 0 0 0 0 0 0 0 0 0 0 0 0 0 0 0 0 0 0 0 0 0 0 
260826 238542 238142 237883 237741 237356 237811 237904 238115 237930 238080 237882 238061 237836 237997 237777 237947 237580 237660 236922 236596 234966 233548 226711 215487 205156 193678 175547 154617 128050 96895 63117 30485 7324 322 160 142 131 128 112 106 100 100 96 95 95 95 95 95 95 95 95 93 90 90 90 0 0 0 0 0 0 0 0 0 0 0 0 0 0 0 0 0 0 0 0 0 0 0 0 0 0 0 0 0 0 0 0 0 0 0 0 0 0 0 0 0 0 0 0 0 0 0 0 0 0 0 0 0 0 0 0 0 0 0 0 0 0 0 0 0 0 0 0 0 0 0 0 0 0 0 0 0 0 0 0 0 0 0 0 
260826 238542 238142 237883 237741 237356 237811 237904 238115 237930 238080 237882 238061 237836 237997 237777 237947 237580 237660 236922 236596 234966 233548 226711 215487 205156 193678 175547 154617 128050 96895 63117 30485 7324 322 160 142 131 128 112 106 100 100 96 95 95 95 95 95 95 95 95 93 90 90 90 0 0 0 0 0 0 0 0 0 0 0 0 0 0 0 0 0 0 0 0 0 0 0 0 0 0 0 0 0 0 0 0 0 0 0 0 0 0 0 0 0 0 0 0 0 0 0 0 0 0 0 0 0 0 0 0 0 0 0 0 0 0 0 0 0 0 0 0 0 0 0 0 0 0 0 0 0 0 0 0 0 0 0 0 0 0 0 0 0 0 0 0 0 0 0 0 
260826 238542 238142 237883 237741 237356 237811 237904 238115 237930 238080 237882 238061 237836 237997 237777 237947 237580 237660 236922 236596 234966 233548 226711 215487 205156 193678 175547 154617 128050 96895 63117 30485 7324 322 160 142 131 128 112 106 100 100 96 95 95 95 95 95 95 95 95 93 90 90 90 0 0 0 0 0 0 0 0 0 0 0 0 0 0 0 0 0 0 0 0 0 0 0 0 0 0 0 0 0 0 0 0 0 0 0 0 0 0 0 0 0 0 0 0 0 0 0 0 0 0 0 0 0 0 0 0 0 0 0 0 0 0 0 0 0 0 0 0 0 0 0 0 0 0 0 0 0 0 0 0 0 0 0 0 0 0 0 0 0 0 0 0 0 0 0 0 0 0 0 0 0 0 0 0 0 0 0 0 0 
260826 238542 238142 237883 237741 237356 237811 237904 238115 237930 238080 237882 238061 237836 237997 237777 237947 237580 237660 236922 236596 234966 233548 226711 215487 205156 193678 175547 154617 128050 96895 63117 30485 7324 322 160 142 131 128 112 106 100 100 96 95 95 95 95 95 95 95 95 93 90 90 90 0 0 0 0 0 0 0 0 0 0 0 0 0 0 0 0 0 0 0 0 0 0 0 0 0 0 0 0 0 0 0 0 0 0 0 0 0 0 0 0 0 0 0 0 0 0 0 0 0 0 0 0 0 0 0 0 0 0 0 0 0 0 0 0 0 0 0 0 0 0 0 0 0 0 0 0 0 0 0 0 0 0 0 0 0 0 0 0 0 0 0 0 0 0 0 0 0 0 0 0 0 0 0 0 0 0 0 0 0 0 0 0 0 0 0 0 0 0 0 0 0 0 0 
260825 238533 238135 237856 237700 237298 237780 237875 238104 237903 238070 237861 238050 237799 237978 237737 237917 237497 237568 236703 236343 234213 232143 223445 211213 201759 187664 168622 145513 117276 84823 50928 20335 3298 177 155 134 131 127 109 103 100 96 95 95 95 95 95 95 95 95 95 91 90 90 30 0 0 0 0 0 0 0 0 0 
260825 238533 238135 237856 237700 237298 237780 237875 238104 237903 238070 237861 238050 237799 237978 237737 237917 237497 237568 236703 236343 234213 232143 223445 211213 201759 187664 168622 145513 117276 84823 50928 20335 3298 177 155 134 131 127 109 103 100 96 95 95 95 95 95 95 95 95 95 91 90 90 30 0 0 0 0 0 0 0 0 0 0 0 0 0 0 0 0 0 0 0 0 0 0 
260825 238533 238135 237856 237700 237298 237780 237875 238104 237903 238070 237861 238050 237799 237978 237737 237917 237497 237568 236703 236343 234213 232143 223445 211213 201759 187664 168622 145513 117276 84823 50928 20335 3298 177 155 134 131 127 109 103 100 96 95 95 95 95 95 95 95 95 95 91 90 90 30 0 0 0 0 0 0 0 0 0 0 0 0 0 0 0 0 0 0 0 0 0 0 0 0 0 0 0 0 0 0 0 0 0 0 
260825 238533 238135 237856 237700 237298 237780 237875 238104 237903 238070 237861 238050 237799 237978 237737 237917 237497 237568 236703 236343 234213 232143 223445 211213 201759 187664 168622 145513 117276 84823 50928 20335 3298 177 155 134 131 127 109 103 100 96 95 95 95 95 95 95 95 95 95 91 90 90 30 0 0 0 0 0 0 0 0 0 0 0 0 0 0 0 0 0 0 0 0 0 0 0 0 0 0 0 0 0 0 0 0 0 0 0 0 0 0 0 0 0 0 0 0 0 0 
260825 238533 238135 237856 237700 237298 237780 237875 238104 237903 238070 237861 238050 237799 237978 237737 237917 237497 237568 236703 236343 234213 232143 223445 211213 201759 187664 168622 145513 117276 84823 50928 20335 3298 177 155 134 131 127 109 103 100 96 95 95 95 95 95 95 95 95 95 91 90 90 30 0 0 0 0 0 0 0 0 0 0 0 0 0 0 0 0 0 0 0 0 0 0 0 0 0 0 0 0 0 0 0 0 0 0 0 0 0 0 0 0 0 0 0 0 0 0 0 0 0 0 0 0 0 0 0 0 0 0 0 
260825 238533 238135 237856 237700 237298 237780 237875 238104 237903 238070 237861 238050 237799 237978 237737 237917 237497 237568 236703 236343 234213 232143 223445 211213 201759 187664 168622 145513 117276 84823 50928 20335 3298 177 155 134 131 127 109 103 100 96 95 95 95 95 95 95 95 95 95 91 90 90 30 0 0 0 0 0 0 0 0 0 0 0 0 0 0 0 0 0 0 0 0 0 0 0 0 0 0 0 0 0 0 0 0 0 0 0 0 0 0 0 0 0 0 0 0 0 0 0 0 0 0 0 0 0 0 0 0 0 0 0 0 0 0 0 0 0 0 0 0 0 0 0 
260825 238533 238135 237856 237700 237298 237780 237875 238104 237903 238070 237861 238050 237799 237978 237737 237917 237497 237568 236703 236343 234213 232143 223445 211213 201759 187664 168622 145513 117276 84823 50928 20335 3298 177 155 134 131 127 109 103 100 96 95 95 95 95 95 95 95 95 95 91 90 90 30 0 0 0 0 0 0 0 0 0 0 0 0 0 0 0 0 0 0 0 0 0 0 0 0 0 0 0 0 0 0 0 0 0 0 0 0 0 0 0 0 0 0 0 0 0 0 0 0 0 0 0 0 0 0 0 0 0 0 0 0 0 0 0 0 0 0 0 0 0 0 0 0 0 0 0 0 0 0 0 0 0 0 0 0 
260825 238533 238135 237856 237700 237298 237780 237875 238104 237903 238070 237861 238050 237799 237978 237737 237917 237497 237568 236703 236343 234213 232143 223445 211213 201759 187664 168622 145513 117276 84823 50928 20335 3298 177 155 134 131 127 109 103 100 96 95 95 95 95 95 95 95 95 95 91 90 90 30 0 0 0 0 0 0 0 0 0 0 0 0 0 0 0 0 0 0 0 0 0 0 0 0 0 0 0 0 0 0 0 0 0 0 0 0 0 0 0 0 0 0 0 0 0 0 0 0 0 0 0 0 0 0 0 0 0 0 0 0 0 0 0 0 0 0 0 0 0 0 0 0 0 0 0 0 0 0 0 0 0 0 0 0 0 0 0 0 0 0 0 0 0 0 0 0 
260825 238533 238135 237856 237700 237298 237780 237875 238104 237903 238070 237861 238050 237799 237978 237737 237917 237497 237568 236703 236343 234213 232143 223445 211213 201759 187664 168622 145513 117276 84823 50928 20335 3298 177 155 134 131 127 109 103 100 96 95 95 95 95 95 95 95 95 95 91 90 90 30 0 0 0 0 0 0 0 0 0 0 0 0 0 0 0 0 0 0 0 0 0 0 0 0 0 0 0 0 0 0 0 0 0 0 0 0 0 0 0 0 0 0 0 0 0 0 0 0 0 0 0 0 0 0 0 0 0 0 0 0 0 0 0 0 0 0 0 0 0 0 0 0 0 0 0 0 0 0 0 0 0 0 0 0 0 0 0 0 0 0 0 0 0 0 0 0 0 0 0 0 0 0 0 0 0 0 0 0 0 
260825 238533 238135 237856 237700 237298 237780 237875 238104 237903 238070 237861 238050 237799 237978 237737 237917 237497 237568 236703 236343 234213 232143 223445 211213 201759 187664 168622 145513 117276 84823 50928 20335 3298 177 155 134 131 127 109 103 100 96 95 95 95 95 95 95 95 95 95 91 90 90 30 0 0 0 0 0 0 0 0 0 0 0 0 0 0 0 0 0 0 0 0 0 0 0 0 0 0 0 0 0 0 0 0 0 0 0 0 0 0 0 0 0 0 0 0 0 0 0 0 0 0 0 0 0 0 0 0 0 0 0 0 0 0 0 0 0 0 0 0 0 0 0 0 0 0 0 0 0 0 0 0 0 0 0 0 0 0 0 0 0 0 0 0 0 0 0 0 0 0 0 0 0 0 0 0 0 0 0 0 0 0 0 0 0 0 0 0 0 0 0 0 0 0 0 
260825 238526 238127 237834 237662 237246 237743 237851 238091 237878 238053 237824 238038 237783 237958 237692 237874 237406 237451 236449 236039 233346 230053 219560 207795 197930 181500 161557 136606 106890 73362 38999 12799 1064 170 150 132 131 125 105 101 98 96 95 95 95 95 95 95 95 95 93 90 90 90 0 0 0 0 0 0 0 0 0 0 
260825 238526 238127 237834 237662 237246 237743 237851 238091 237878 238053 237824 238038 237783 237958 237692 237874 237406 237451 236449 236039 233346 230053 219560 207795 197930 181500 161557 136606 106890 73362 38999 12799 1064 170 150 132 131 125 105 101 98 96 95 95 95 95 95 95 95 95 93 90 90 90 0 0 0 0 0 0 0 0 0 0 0 0 0 0 0 0 0 0 0 0 0 0 0 
260825 238526 238127 237834 237662 237246 237743 237851 238091 237878 238053 237824 238038 237783 237958 237692 237874 237406 237451 236449 236039 233346 230053 219560 207795 197930 181500 161557 136606 106890 73362 38999 12799 1064 170 150 132 131 125 105 101 98 96 95 95 95 95 95 95 95 95 93 90 90 90 0 0 0 0 0 0 0 0 0 0 0 0 0 0 0 0 0 0 0 0 0 0 0 0 0 0 0 0 0 0 0 0 0 0 0 
260825 238526 238127 237834 237662 237246 237743 237851 238091 237878 238053 237824 238038 237783 237958 237692 237874 237406 237451 236449 236039 233346 230053 219560 207795 197930 181500 161557 136606 106890 73362 38999 12799 1064 170 150 132 131 125 105 101 98 96 95 95 95 95 95 95 95 95 93 90 90 90 0 0 0 0 0 0 0 0 0 0 0 0 0 0 0 0 0 0 0 0 0 0 0 0 0 0 0 0 0 0 0 0 0 0 0 0 0 0 0 0 0 0 0 0 0 0 0 
260825 238526 238127 237834 237662 237246 237743 237851 238091 237878 238053 237824 238038 237783 237958 237692 237874 237406 237451 236449 236039 233346 230053 219560 207795 197930 181500 161557 136606 106890 73362 38999 12799 1064 170 150 132 131 125 105 101 98 96 95 95 95 95 95 95 95 95 93 90 90 90 0 0 0 0 0 0 0 0 0 0 0 0 0 0 0 0 0 0 0 0 0 0 0 0 0 0 0 0 0 0 0 0 0 0 0 0 0 0 0 0 0 0 0 0 0 0 0 0 0 0 0 0 0 0 0 0 0 0 0 0 
260825 238526 238127 237834 237662 237246 237743 237851 238091 237878 238053 237824 238038 237783 237958 237692 237874 237406 237451 236449 236039 233346 230053 219560 207795 197930 181500 161557 136606 106890 73362 38999 12799 1064 170 150 132 131 125 105 101 98 96 95 95 95 95 95 95 95 95 93 90 90 90 0 0 0 0 0 0 0 0 0 0 0 0 0 0 0 0 0 0 0 0 0 0 0 0 0 0 0 0 0 0 0 0 0 0 0 0 0 0 0 0 0 0 0 0 0 0 0 0 0 0 0 0 0 0 0 0 0 0 0 0 0 0 0 0 0 0 0 0 0 0 0 0 
260825 238526 238127 237834 237662 237246 237743 237851 238091 237878 238053 237824 238038 237783 237958 237692 237874 237406 237451 236449 236039 233346 230053 219560 207795 197930 181500 161557 136606 106890 73362 38999 12799 1064 170 150 132 131 125 105 101 98 96 95 95 95 95 95 95 95 95 93 90 90 90 0 0 0 0 0 0 0 0 0 0 0 0 0 0 0 0 0 0 0 0 0 0 0 0 0 0 0 0 0 0 0 0 0 0 0 0 0 0 0 0 0 0 0 0 0 0 0 0 0 0 0 0 0 0 0 0 0 0 0 0 0 0 0 0 0 0 0 0 0 0 0 0 0 0 0 0 0 0 0 0 0 0 0 0 0 
260825 238526 238127 237834 237662 237246 237743 237851 238091 237878 238053 237824 238038 237783 237958 237692 237874 237406 237451 236449 236039 233346 230053 219560 207795 197930 181500 161557 136606 106890 73362 38999 12799 1064 170 150 132 131 125 105 101 98 96 95 95 95 95 95 95 95 95 93 90 90 90 0 0 0 0 0 0 0 0 0 0 0 0 0 0 0 0 0 0 0 0 0 0 0 0 0 0 0 0 0 0 0 0 0 0 0 0 0 0 0 0 0 0 0 0 0 0 0 0 0 0 0 0 0 0 0 0 0 0 0 0 0 0 0 0 0 0 0 0 0 0 0 0 0 0 0 0 0 0 0 0 0 0 0 0 0 0 0 0 0 0 0 0 0 0 0 0 0 
260825 238526 238127 237834 237662 237246 237743 237851 238091 237878 238053 237824 238038 237783 237958 237692 237874 237406 237451 236449 236039 233346 230053 219560 207795 197930 181500 161557 136606 106890 73362 38999 12799 1064 170 150 132 131 125 105 101 98 96 95 95 95 95 95 95 95 95 93 90 90 90 0 0 0 0 0 0 0 0 0 0 0 0 0 0 0 0 0 0 0 0 0 0 0 0 0 0 0 0 0 0 0 0 0 0 0 0 0 0 0 0 0 0 0 0 0 0 0 0 0 0 0 0 0 0 0 0 0 0 0 0 0 0 0 0 0 0 0 0 0 0 0 0 0 0 0 0 0 0 0 0 0 0 0 0 0 0 0 0 0 0 0 0 0 0 0 0 0 0 0 0 0 0 0 0 0 0 0 0 0 0 
260825 238526 238127 237834 237662 237246 237743 237851 238091 237878 238053 237824 238038 237783 237958 237692 237874 237406 237451 236449 236039 233346 230053 219560 207795 197930 181500 161557 136606 106890 73362 38999 12799 1064 170 150 132 131 125 105 101 98 96 95 95 95 95 95 95 95 95 93 90 90 90 0 0 0 0 0 0 0 0 0 0 0 0 0 0 0 0 0 0 0 0 0 0 0 0 0 0 0 0 0 0 0 0 0 0 0 0 0 0 0 0 0 0 0 0 0 0 0 0 0 0 0 0 0 0 0 0 0 0 0 0 0 0 0 0 0 0 0 0 0 0 0 0 0 0 0 0 0 0 0 0 0 0 0 0 0 0 0 0 0 0 0 0 0 0 0 0 0 0 0 0 0 0 0 0 0 0 0 0 0 0 0 0 0 0 0 0 0 0 0 0 0 0 0 0 
260824 238520 238114 237804 237625 237186 237715 237819 238082 237851 238042 237792 238032 237746 237942 237648 237828 237309 237317 236188 235628 232341 227416 215631 205332 193394 175670 154229 127677 96385 62762 30103 7055 310 166 147 132 129 122 104 101 98 95 95 95 95 95 95 95 95 95 93 90 90 90 0 0 0 0 0 0 0 0 0 0 
260824 238520 238114 237804 237625 237186 237715 237819 238082 237851 238042 237792 238032 237746 237942 237648 237828 237309 237317 236188 235628 232341 227416 215631 205332 193394 175670 154229 127677 96385 62762 30103 7055 310 166 147 132 129 122 104 101 98 95 95 95 95 95 95 95 95 95 93 90 90 90 0 0 0 0 0 0 0 0 0 0 0 0 0 0 0 0 0 0 0 0 0 0 0 
260824 238520 238114 237804 237625 237186 237715 237819 238082 237851 238042 237792 238032 237746 237942 237648 237828 237309 237317 236188 235628 232341 227416 215631 205332 193394 175670 154229 127677 96385 62762 30103 7055 310 166 147 132 129 122 104 101 98 95 95 95 95 95 95 95 95 95 93 90 90 90 0 0 0 0 0 0 0 0 0 0 0 0 0 0 0 0 0 0 0 0 0 0 0 0 0 0 0 0 0 0 0 0 0 0 0 
260824 238520 238114 237804 237625 237186 237715 237819 238082 237851 238042 237792 238032 237746 237942 237648 237828 237309 237317 236188 235628 232341 227416 215631 205332 193394 175670 154229 127677 96385 62762 30103 7055 310 166 147 132 129 122 104 101 98 95 95 95 95 95 95 95 95 95 93 90 90 90 0 0 0 0 0 0 0 0 0 0 0 0 0 0 0 0 0 0 0 0 0 0 0 0 0 0 0 0 0 0 0 0 0 0 0 0 0 0 0 0 0 0 0 0 0 0 0 
260824 238520 238114 237804 237625 237186 237715 237819 238082 237851 238042 237792 238032 237746 237942 237648 237828 237309 237317 236188 235628 232341 227416 215631 205332 193394 175670 154229 127677 96385 62762 30103 7055 310 166 147 132 129 122 104 101 98 95 95 95 95 95 95 95 95 95 93 90 90 90 0 0 0 0 0 0 0 0 0 0 0 0 0 0 0 0 0 0 0 0 0 0 0 0 0 0 0 0 0 0 0 0 0 0 0 0 0 0 0 0 0 0 0 0 0 0 0 0 0 0 0 0 0 0 0 0 0 0 0 0 
260824 238520 238114 237804 237625 237186 237715 237819 238082 237851 238042 237792 238032 237746 237942 237648 237828 237309 237317 236188 235628 232341 227416 215631 205332 193394 175670 154229 127677 96385 62762 30103 7055 310 166 147 132 129 122 104 101 98 95 95 95 95 95 95 95 95 95 93 90 90 90 0 0 0 0 0 0 0 0 0 0 0 0 0 0 0 0 0 0 0 0 0 0 0 0 0 0 0 0 0 0 0 0 0 0 0 0 0 0 0 0 0 0 0 0 0 0 0 0 0 0 0 0 0 0 0 0 0 0 0 0 0 0 0 0 0 0 0 0 0 0 0 0 
260824 238520 238114 237804 237625 237186 237715 237819 238082 237851 238042 237792 238032 237746 237942 237648 237828 237309 237317 236188 235628 232341 227416 215631 205332 193394 175670 154229 127677 96385 62762 30103 7055 310 166 147 132 129 122 104 101 98 95 95 95 95 95 95 95 95 95 93 90 90 90 0 0 0 0 0 0 0 0 0 0 0 0 0 0 0 0 0 0 0 0 0 0 0 0 0 0 0 0 0 0 0 0 0 0 0 0 0 0 0 0 0 0 0 0 0 0 0 0 0 0 0 0 0 0 0 0 0 0 0 0 0 0 0 0 0 0 0 0 0 0 0 0 0 0 0 0 0 0 0 0 0 0 0 0 0 
260824 238520 238114 237804 237625 237186 237715 237819 238082 237851 238042 237792 238032 237746 237942 237648 237828 237309 237317 236188 235628 232341 227416 215631 205332 193394 175670 154229 127677 96385 62762 30103 7055 310 166 147 132 129 122 104 101 98 95 95 95 95 95 95 95 95 95 93 90 90 90 0 0 0 0 0 0 0 0 0 0 0 0 0 0 0 0 0 0 0 0 0 0 0 0 0 0 0 0 0 0 0 0 0 0 0 0 0 0 0 0 0 0 0 0 0 0 0 0 0 0 0 0 0 0 0 0 0 0 0 0 0 0 0 0 0 0 0 0 0 0 0 0 0 0 0 0 0 0 0 0 0 0 0 0 0 0 0 0 0 0 0 0 0 0 0 0 0 
260824 238520 238114 237804 237625 237186 237715 237819 238082 237851 238042 237792 238032 237746 237942 237648 237828 237309 237317 236188 235628 232341 227416 215631 205332 193394 175670 154229 127677 96385 62762 30103 7055 310 166 147 132 129 122 104 101 98 95 95 95 95 95 95 95 95 95 93 90 90 90 0 0 0 0 0 0 0 0 0 0 0 0 0 0 0 0 0 0 0 0 0 0 0 0 0 0 0 0 0 0 0 0 0 0 0 0 0 0 0 0 0 0 0 0 0 0 0 0 0 0 0 0 0 0 0 0 0 0 0 0 0 0 0 0 0 0 0 0 0 0 0 0 0 0 0 0 0 0 0 0 0 0 0 0 0 0 0 0 0 0 0 0 0 0 0 0 0 0 0 0 0 0 0 0 0 0 0 0 0 0 
260824 238520 238114 237804 237625 237186 237715 237819 238082 237851 238042 237792 238032 237746 237942 237648 237828 237309 237317 236188 235628 232341 227416 215631 205332 193394 175670 154229 127677 96385 62762 30103 7055 310 166 147 132 129 122 104 101 98 95 95 95 95 95 95 95 95 95 93 90 90 90 0 0 0 0 0 0 0 0 0 0 0 0 0 0 0 0 0 0 0 0 0 0 0 0 0 0 0 0 0 0 0 0 0 0 0 0 0 0 0 0 0 0 0 0 0 0 0 0 0 0 0 0 0 0 0 0 0 0 0 0 0 0 0 0 0 0 0 0 0 0 0 0 0 0 0 0 0 0 0 0 0 0 0 0 0 0 0 0 0 0 0 0 0 0 0 0 0 0 0 0 0 0 0 0 0 0 0 0 0 0 0 0 0 0 0 0 0 0 0 0 0 0 0 0 
260824 238515 238103 237784 237590 237105 237684 237790 238072 237826 238026 237756 238011 237720 237915 237608 237779 237206 237168 235837 235173 231142 224320 211904 202574 188413 169898 146762 118849 86405 52595 21668 3767 181 164 142 131 124 116 103 101 97 95 95 95 95 95 95 95 95 95 90 90 90 0 0 0 0 0 0 0 0 0 0 0 
260824 238515 238103 237784 237590 237105 237684 237790 238072 237826 238026 237756 238011 237720 237915 237608 237779 237206 237168 235837 235173 231142 224320 211904 202574 188413 169898 146762 118849 86405 52595 21668 3767 181 164 142 131 124 116 103 101 97 95 95 95 95 95 95 95 95 95 90 90 90 0 0 0 0 0 0 0 0 0 0 0 0 0 0 0 0 0 0 0 0 0 0 0 0 
260824 238515 238103 237784 237590 237105 237684 237790 238072 237826 238026 237756 238011 237720 237915 237608 237779 237206 237168 235837 235173 231142 224320 211904 202574 188413 169898 146762 118849 86405 52595 21668 3767 181 164 142 131 124 116 103 101 97 95 95 95 95 95 95 95 95 95 90 90 90 0 0 0 0 0 0 0 0 0 0 0 0 0 0 0 0 0 0 0 0 0 0 0 0 0 0 0 0 0 0 0 0 0 0 0 0 
260824 238515 238103 237784 237590 237105 237684 237790 238072 237826 238026 237756 238011 237720 237915 237608 237779 237206 237168 235837 235173 231142 224320 211904 202574 188413 169898 146762 118849 86405 52595 21668 3767 181 164 142 131 124 116 103 101 97 95 95 95 95 95 95 95 95 95 90 90 90 0 0 0 0 0 0 0 0 0 0 0 0 0 0 0 0 0 0 0 0 0 0 0 0 0 0 0 0 0 0 0 0 0 0 0 0 0 0 0 0 0 0 0 0 0 0 0 0 
260824 238515 238103 237784 237590 237105 237684 237790 238072 237826 238026 237756 238011 237720 237915 237608 237779 237206 237168 235837 235173 231142 224320 211904 202574 188413 169898 146762 118849 86405 52595 21668 3767 181 164 142 131 124 116 103 101 97 95 95 95 95 95 95 95 95 95 90 90 90 0 0 0 0 0 0 0 0 0 0 0 0 0 0 0 0 0 0 0 0 0 0 0 0 0 0 0 0 0 0 0 0 0 0 0 0 0 0 0 0 0 0 0 0 0 0 0 0 0 0 0 0 0 0 0 0 0 0 0 0 0 
260824 238515 238103 237784 237590 237105 237684 237790 238072 237826 238026 237756 238011 237720 237915 237608 237779 237206 237168 235837 235173 231142 224320 211904 202574 188413 169898 146762 118849 86405 52595 21668 3767 181 164 142 131 124 116 103 101 97 95 95 95 95 95 95 95 95 95 90 90 90 0 0 0 0 0 0 0 0 0 0 0 0 0 0 0 0 0 0 0 0 0 0 0 0 0 0 0 0 0 0 0 0 0 0 0 0 0 0 0 0 0 0 0 0 0 0 0 0 0 0 0 0 0 0 0 0 0 0 0 0 0 0 0 0 0 0 0 0 0 0 0 0 0 
260824 238515 238103 237784 237590 237105 237684 237790 238072 237826 238026 237756 238011 237720 237915 237608 237779 237206 237168 235837 235173 231142 224320 211904 202574 188413 169898 146762 118849 86405 52595 21668 3767 181 164 142 131 124 116 103 101 97 95 95 95 95 95 95 95 95 95 90 90 90 0 0 0 0 0 0 0 0 0 0 0 0 0 0 0 0 0 0 0 0 0 0 0 0 0 0 0 0 0 0 0 0 0 0 0 0 0 0 0 0 0 0 0 0 0 0 0 0 0 0 0 0 0 0 0 0 0 0 0 0 0 0 0 0 0 0 0 0 0 0 0 0 0 0 0 0 0 0 0 0 0 0 0 0 0 0 
260824 238515 238103 237784 237590 237105 237684 237790 238072 237826 238026 237756 238011 237720 237915 237608 237779 237206 237168 235837 235173 231142 224320 211904 202574 188413 169898 146762 118849 86405 52595 21668 3767 181 164 142 131 124 116 103 101 97 95 95 95 95 95 95 95 95 95 90 90 90 0 0 0 0 0 0 0 0 0 0 0 0 0 0 0 0 0 0 0 0 0 0 0 0 0 0 0 0 0 0 0 0 0 0 0 0 0 0 0 0 0 0 0 0 0 0 0 0 0 0 0 0 0 0 0 0 0 0 0 0 0 0 0 0 0 0 0 0 0 0 0 0 0 0 0 0 0 0 0 0 0 0 0 0 0 0 0 0 0 0 0 0 0 0 0 0 0 0 
260824 238515 238103 237784 237590 237105 237684 237790 238072 237826 238026 237756 238011 237720 237915 237608 237779 237206 237168 235837 235173 231142 224320 211904 202574 188413 169898 146762 118849 86405 52595 21668 3767 181 164 142 131 124 116 103 101 97 95 95 95 95 95 95 95 95 95 90 90 90 0 0 0 0 0 0 0 0 0 0 0 0 0 0 0 0 0 0 0 0 0 0 0 0 0 0 0 0 0 0 0 0 0 0 0 0 0 0 0 0 0 0 0 0 0 0 0 0 0 0 0 0 0 0 0 0 0 0 0 0 0 0 0 0 0 0 0 0 0 0 0 0 0 0 0 0 0 0 0 0 0 0 0 0 0 0 0 0 0 0 0 0 0 0 0 0 0 0 0 0 0 0 0 0 0 0 0 0 0 0 0 
260824 238515 238103 237784 237590 237105 237684 237790 238072 237826 238026 237756 238011 237720 237915 237608 237779 237206 237168 235837 235173 231142 224320 211904 202574 188413 169898 146762 118849 86405 52595 21668 3767 181 164 142 131 124 116 103 101 97 95 95 95 95 95 95 95 95 95 90 90 90 0 0 0 0 0 0 0 0 0 0 0 0 0 0 0 0 0 0 0 0 0 0 0 0 0 0 0 0 0 0 0 0 0 0 0 0 0 0 0 0 0 0 0 0 0 0 0 0 0 0 0 0 0 0 0 0 0 0 0 0 0 0 0 0 0 0 0 0 0 0 0 0 0 0 0 0 0 0 0 0 0 0 0 0 0 0 0 0 0 0 0 0 0 0 0 0 0 0 0 0 0 0 0 0 0 0 0 0 0 0 0 0 0 0 0 0 0 0 0 0 0 0 0 0 0 
260823 238514 238089 237761 237548 237045 237645 237766 238057 237809 238017 237728 237984 237683 237892 237565 237734 237078 236994 235549 234647 229573 221033 208826 199464 183265 164056 139237 110255 76739 42552 14479 1298 175 162 137 130 119 112 103 101 97 95 95 95 95 95 95 95 95 93 90 90 90 0 0 0 0 0 0 0 0 0 0 0 
260823 238514 238089 237761 237548 237045 237645 237766 238057 237809 238017 237728 237984 237683 237892 237565 237734 237078 236994 235549 234647 229573 221033 208826 199464 183265 164056 139237 110255 76739 42552 14479 1298 175 162 137 130 119 112 103 101 97 95 95 95 95 95 95 95 95 93 90 90 90 0 0 0 0 0 0 0 0 0 0 0 0 0 0 0 0 0 0 0 0 0 0 0 0 
260823 238514 238089 237761 237548 237045 237645 237766 238057 237809 238017 237728 237984 237683 237892 237565 237734 237078 236994 235549 234647 229573 221033 208826 199464 183265 164056 139237 110255 76739 42552 14479 1298 175 162 137 130 119 112 103 101 97 95 95 95 95 95 95 95 95 93 90 90 90 0 0 0 0 0 0 0 0 0 0 0 0 0 0 0 0 0 0 0 0 0 0 0 0 0 0 0 0 0 0 0 0 0 0 0 0 
260823 238514 238089 237761 237548 237045 237645 237766 238057 237809 238017 237728 237984 237683 237892 237565 237734 237078 236994 235549 234647 229573 221033 208826 199464 183265 164056 139237 110255 76739 42552 14479 1298 175 162 137 130 119 112 103 101 97 95 95 95 95 95 95 95 95 93 90 90 90 0 0 0 0 0 0 0 0 0 0 0 0 0 0 0 0 0 0 0 0 0 0 0 0 0 0 0 0 0 0 0 0 0 0 0 0 0 0 0 0 0 0 0 0 0 0 0 0 
260823 238514 238089 237761 237548 237045 237645 237766 238057 237809 238017 237728 237984 237683 237892 237565 237734 237078 236994 235549 234647 229573 221033 208826 199464 183265 164056 139237 110255 76739 42552 14479 1298 175 162 137 130 119 112 103 101 97 95 95 95 95 95 95 95 95 93 90 90 90 0 0 0 0 0 0 0 0 0 0 0 0 0 0 0 0 0 0 0 0 0 0 0 0 0 0 0 0 0 0 0 0 0 0 0 0 0 0 0 0 0 0 0 0 0 0 0 0 0 0 0 0 0 0 0 0 0 0 0 0 0 
260823 238514 238089 237761 237548 237045 237645 237766 238057 237809 238017 237728 237984 237683 237892 237565 237734 237078 236994 235549 234647 229573 221033 208826 199464 183265 164056 139237 110255 76739 42552 14479 1298 175 162 137 130 119 112 103 101 97 95 95 95 95 95 95 95 95 93 90 90 90 0 0 0 0 0 0 0 0 0 0 0 0 0 0 0 0 0 0 0 0 0 0 0 0 0 0 0 0 0 0 0 0 0 0 0 0 0 0 0 0 0 0 0 0 0 0 0 0 0 0 0 0 0 0 0 0 0 0 0 0 0 0 0 0 0 0 0 0 0 0 0 0 0 
260823 238514 238089 237761 237548 237045 237645 237766 238057 237809 238017 237728 237984 237683 237892 237565 237734 237078 236994 235549 234647 229573 221033 208826 199464 183265 164056 139237 110255 76739 42552 14479 1298 175 162 137 130 119 112 103 101 97 95 95 95 95 95 95 95 95 93 90 90 90 0 0 0 0 0 0 0 0 0 0 0 0 0 0 0 0 0 0 0 0 0 0 0 0 0 0 0 0 0 0 0 0 0 0 0 0 0 0 0 0 0 0 0 0 0 0 0 0 0 0 0 0 0 0 0 0 0 0 0 0 0 0 0 0 0 0 0 0 0 0 0 0 0 0 0 0 0 0 0 0 0 0 0 0 0 0 
260823 238514 238089 237761 237548 237045 237645 237766 238057 237809 238017 237728 237984 237683 237892 237565 237734 237078 236994 235549 234647 229573 221033 208826 199464 183265 164056 139237 110255 76739 42552 14479 1298 175 162 137 130 119 112 103 101 97 95 95 95 95 95 95 95 95 93 90 90 90 0 0 0 0 0 0 0 0 0 0 0 0 0 0 0 0 0 0 0 0 0 0 0 0 0 0 0 0 0 0 0 0 0 0 0 0 0 0 0 0 0 0 0 0 0 0 0 0 0 0 0 0 0 0 0 0 0 0 0 0 0 0 0 0 0 0 0 0 0 0 0 0 0 0 0 0 0 0 0 0 0 0 0 0 0 0 0 0 0 0 0 0 0 0 0 0 0 0 
260823 238514 238089 237761 237548 237045 237645 237766 238057 237809 238017 237728 237984 237683 237892 237565 237734 237078 236994 235549 234647 229573 221033 208826 199464 183265 164056 139237 110255 76739 42552 14479 1298 175 162 137 130 119 112 103 101 97 95 95 95 95 95 95 95 95 93 90 90 90 0 0 0 0 0 0 0 0 0 0 0 0 0 0 0 0 0 0 0 0 0 0 0 0 0 0 0 0 0 0 0 0 0 0 0 0 0 0 0 0 0 0 0 0 0 0 0 0 0 0 0 0 0 0 0 0 0 0 0 0 0 0 0 0 0 0 0 0 0 0 0 0 0 0 0 0 0 0 0 0 0 0 0 0 0 0 0 0 0 0 0 0 0 0 0 0 0 0 0 0 0 0 0 0 0 0 0 0 0 0 0 
260823 238514 238089 237761 237548 237045 237645 237766 238057 237809 238017 237728 237984 237683 237892 237565 237734 237078 236994 235549 234647 229573 221033 208826 199464 183265 164056 139237 110255 76739 42552 14479 1298 175 162 137 130 119 112 103 101 97 95 95 95 95 95 95 95 95 93 90 90 90 0 0 0 0 0 0 0 0 0 0 0 0 0 0 0 0 0 0 0 0 0 0 0 0 0 0 0 0 0 0 0 0 0 0 0 0 0 0 0 0 0 0 0 0 0 0 0 0 0 0 0 0 0 0 0 0 0 0 0 0 0 0 0 0 0 0 0 0 0 0 0 0 0 0 0 0 0 0 0 0 0 0 0 0 0 0 0 0 0 0 0 0 0 0 0 0 0 0 0 0 0 0 0 0 0 0 0 0 0 0 0 0 0 0 0 0 0 0 0 0 0 0 0 0 0 0 0 
260821 238511 238083 237719 237512 236977 237607 237741 238045 237782 238004 237695 237969 237654 237862 237501 237679 236914 236780 235123 233964 227857 217657 206668 196000 178277 158026 131998 101570 67715 34150 10031 460 170 155 134 129 117 111 102 100 96 95 95 95 95 95 95 95 95 93 90 90 90 0 0 0 0 0 0 0 0 0 0 0 
260821 238511 238083 237719 237512 236977 237607 237741 238045 237782 238004 237695 237969 237654 237862 237501 237679 236914 236780 235123 233964 227857 217657 206668 196000 178277 158026 131998 101570 67715 34150 10031 460 170 155 134 129 117 111 102 100 96 95 95 95 95 95 95 95 95 93 90 90 90 0 0 0 0 0 0 0 0 0 0 0 0 0 0 0 0 0 0 0 0 0 0 0 0 
260821 238511 238083 237719 237512 236977 237607 237741 238045 237782 238004 237695 237969 237654 237862 237501 237679 236914 236780 235123 233964 227857 217657 206668 196000 178277 158026 131998 101570 67715 34150 10031 460 170 155 134 129 117 111 102 100 96 95 95 95 95 95 95 95 95 93 90 90 90 0 0 0 0 0 0 0 0 0 0 0 0 0 0 0 0 0 0 0 0 0 0 0 0 0 0 0 0 0 0 0 0 0 0 0 0 
260821 238511 238083 237719 237512 236977 237607 237741 238045 237782 238004 237695 237969 237654 237862 237501 237679 236914 236780 235123 233964 227857 217657 206668 196000 178277 158026 131998 101570 67715 34150 10031 460 170 155 134 129 117 111 102 100 96 95 95 95 95 95 95 95 95 93 90 90 90 0 0 0 0 0 0 0 0 0 0 0 0 0 0 0 0 0 0 0 0 0 0 0 0 0 0 0 0 0 0 0 0 0 0 0 0 0 0 0 0 0 0 0 0 0 0 0 0 
260821 238511 238083 237719 237512 236977 237607 237741 238045 237782 238004 237695 237969 237654 237862 237501 237679 236914 236780 235123 233964 227857 217657 206668 196000 178277 158026 131998 101570 67715 34150 10031 460 170 155 134 129 117 111 102 100 96 95 95 95 95 95 95 95 95 93 90 90 90 0 0 0 0 0 0 0 0 0 0 0 0 0 0 0 0 0 0 0 0 0 0 0 0 0 0 0 0 0 0 0 0 0 0 0 0 0 0 0 0 0 0 0 0 0 0 0 0 0 0 0 0 0 0 0 0 0 0 0 0 0 
260821 238511 238083 237719 237512 236977 237607 237741 238045 237782 238004 237695 237969 237654 237862 237501 237679 236914 236780 235123 233964 227857 217657 206668 196000 178277 158026 131998 101570 67715 34150 10031 460 170 155 134 129 117 111 102 100 96 95 95 95 95 95 95 95 95 93 90 90 90 0 0 0 0 0 0 0 0 0 0 0 0 0 0 0 0 0 0 0 0 0 0 0 0 0 0 0 0 0 0 0 0 0 0 0 0 0 0 0 0 0 0 0 0 0 0 0 0 0 0 0 0 0 0 0 0 0 0 0 0 0 0 0 0 0 0 0 0 0 0 0 0 0 
260821 238511 238083 237719 237512 236977 237607 237741 238045 237782 238004 237695 237969 237654 237862 237501 237679 236914 236780 235123 233964 227857 217657 206668 196000 178277 158026 131998 101570 67715 34150 10031 460 170 155 134 129 117 111 102 100 96 95 95 95 95 95 95 95 95 93 90 90 90 0 0 0 0 0 0 0 0 0 0 0 0 0 0 0 0 0 0 0 0 0 0 0 0 0 0 0 0 0 0 0 0 0 0 0 0 0 0 0 0 0 0 0 0 0 0 0 0 0 0 0 0 0 0 0 0 0 0 0 0 0 0 0 0 0 0 0 0 0 0 0 0 0 0 0 0 0 0 0 0 0 0 0 0 0 0 
260821 238511 238083 237719 237512 236977 237607 237741 238045 237782 238004 237695 237969 237654 237862 237501 237679 236914 236780 235123 233964 227857 217657 206668 196000 178277 158026 131998 101570 67715 34150 10031 460 170 155 134 129 117 111 102 100 96 95 95 95 95 95 95 95 95 93 90 90 90 0 0 0 0 0 0 0 0 0 0 0 0 0 0 0 0 0 0 0 0 0 0 0 0 0 0 0 0 0 0 0 0 0 0 0 0 0 0 0 0 0 0 0 0 0 0 0 0 0 0 0 0 0 0 0 0 0 0 0 0 0 0 0 0 0 0 0 0 0 0 0 0 0 0 0 0 0 0 0 0 0 0 0 0 0 0 0 0 0 0 0 0 0 0 0 0 0 0 
260821 238511 238083 237719 237512 236977 237607 237741 238045 237782 238004 237695 237969 237654 237862 237501 237679 236914 236780 235123 233964 227857 217657 206668 196000 178277 158026 131998 101570 67715 34150 10031 460 170 155 134 129 117 111 102 100 96 95 95 95 95 95 95 95 95 93 90 90 90 0 0 0 0 0 0 0 0 0 0 0 0 0 0 0 0 0 0 0 0 0 0 0 0 0 0 0 0 0 0 0 0 0 0 0 0 0 0 0 0 0 0 0 0 0 0 0 0 0 0 0 0 0 0 0 0 0 0 0 0 0 0 0 0 0 0 0 0 0 0 0 0 0 0 0 0 0 0 0 0 0 0 0 0 0 0 0 0 0 0 0 0 0 0 0 0 0 0 0 0 0 0 0 0 0 0 0 0 0 0 0 
260821 238511 238083 237719 237512 236977 237607 237741 238045 237782 238004 237695 237969 237654 237862 237501 237679 236914 236780 235123 233964 227857 217657 206668 196000 178277 158026 131998 101570 67715 34150 10031 460 170 155 134 129 117 111 102 100 96 95 95 95 95 95 95 95 95 93 90 90 90 0 0 0 0 0 0 0 0 0 0 0 0 0 0 0 0 0 0 0 0 0 0 0 0 0 0 0 0 0 0 0 0 0 0 0 0 0 0 0 0 0 0 0 0 0 0 0 0 0 0 0 0 0 0 0 0 0 0 0 0 0 0 0 0 0 0 0 0 0 0 0 0 0 0 0 0 0 0 0 0 0 0 0 0 0 0 0 0 0 0 0 0 0 0 0 0 0 0 0 0 0 0 0 0 0 0 0 0 0 0 0 0 0 0 0 0 0 0 0 0 0 0 0 0 0 
